uninfected	63.73662551440329	100.32682574114244	79.27572016460906	121.4287780187997
uninfected	35.55555555555556	166.9645697758496	52.148148148148145	190.2877801879971
uninfected	4.2139917695473255	42.01879971077368	20.411522633744855	65.52711496746204
uninfected	121.81069958847736	134.75632682574116	137.7448559670782	159.19016630513377
uninfected	104.559670781893	163.07736804049168	119.440329218107	184.73463485177152
uninfected	46.88065843621399	70.15473608098337	62.15637860082305	92.92263195950831
uninfected	167.11111111111111	101.99276934201012	184.23045267489712	125.50108459869848
uninfected	55.04526748971193	131.97975415762835	69.1358024691358	158.07953723788864
uninfected	79.67078189300412	211.75994215473608	96.26337448559671	231.38105567606652
uninfected	121.94238683127573	107.73101952277658	137.61316872427983	132.34996384671004
uninfected	102.05761316872427	99.95661605206074	117.06995884773663	122.16919739696313
uninfected	157.36625514403292	8.6999276934201	173.1687242798354	34.4295010845987
uninfected	223.86831275720164	3.516992046276211	241.64609053497944	27.765726681127983
uninfected	122.33744855967078	48.497469269703544	138.53497942386832	71.08026030368764
uninfected	26.469135802469136	208.61315979754158	42.666666666666664	231.19595083152566
uninfected	120.09876543209876	74.7823571945047	136.69135802469137	99.58640636297903
uninfected	47.275720164609055	42.944323933477946	63.07818930041152	64.78669558929863
uninfected	112.32921810699588	200.46854663774403	131.55555555555554	223.05133767172813
uninfected	46.88065843621399	110.50759219088937	63.07818930041152	132.72017353579176
uninfected	74.53497942386831	167.70498915401302	89.54732510288066	189.5473608098337
uninfected	180.2798353909465	223.05133767172813	198.97942386831275	246.1894432393348
uninfected	141.56378600823047	46.646420824295014	157.23456790123456	69.41431670281996
uninfected	65.05349794238683	186.95589298626174	83.75308641975309	209.72378886478668
uninfected	71.24279835390946	138.82863340563992	86.65020576131687	163.4475777295734
uninfected	238.48559670781893	214.90672451193058	255.20987654320987	237.30441070137383
uninfected	171.32510288065845	74.22704266088213	185.81069958847738	94.40347071583514
uninfected	35.4238683127572	16.289226319595084	49.64609053497942	37.5762834417932
uninfected	211.09465020576133	123.8351409978308	227.29218106995884	149.37960954446854
uninfected	111.93415637860082	178.99638467100507	132.74074074074073	201.3940708604483
uninfected	197.00411522633746	124.20535068691251	211.62139917695472	142.16052060737528
uninfected	219.91769547325103	54.23571945046999	235.9835390946502	80.3355025307303
uninfected	79.67078189300412	53.310195227765725	94.94650205761317	73.30151843817788
uninfected	51.88477366255144	170.48156182212583	69.1358024691358	195.470715835141
uninfected	137.21810699588477	116.98626174981923	154.8641975308642	138.4584237165582
uninfected	232.559670781893	131.42443962400577	247.83539094650206	158.2646420824295
uninfected	42.93004115226338	195.65582067968185	60.04938271604938	224.53217642805495
uninfected	100.47736625514403	68.67389732465655	116.01646090534979	89.96095444685466
uninfected	42.666666666666664	230.82574114244397	63.34156378600823	255.44468546637745
uninfected	60.839506172839506	210.64931308749095	78.35390946502058	239.52566883586405
uninfected	203.06172839506172	54.79103398409255	220.3127572016461	83.85249457700651
uninfected	108.37860082304526	9.81055676066522	121.4156378600823	26.46999276934201
uninfected	185.15226337448559	64.97180043383948	201.87654320987653	81.0759219088937
uninfected	99.81893004115226	54.23571945046999	110.61728395061728	73.11641359363702
uninfected	4.345679012345679	229.34490238611713	23.83539094650206	255.44468546637745
uninfected	36.74074074074074	127.90744757772957	52.806584362139915	154.93275488069415
uninfected	2.633744855967078	161.22631959508314	21.86008230452675	190.84309472161968
uninfected	240.98765432098764	91.25668835864063	255.86831275720164	114.95010845986985
infected	69.92592592592592	35.169920462762114	87.30864197530865	59.418655097613886
infected	19.48971193415638	143.08604483007954	37.267489711934154	168.6305133767173
