uninfected	128.65843621399176	157.33911785972523	145.90946502057614	180.4772234273319
uninfected	158.8148148148148	191.39840925524223	176.32921810699588	215.647143890094
uninfected	118.12345679012346	21.657266811279825	137.21810699588477	43.31453362255965
uninfected	162.63374485596708	106.80549530007231	180.41152263374485	128.83297180043385
uninfected	136.559670781893	226.3832248734635	154.99588477366254	253.2234273318872
uninfected	181.59670781893004	149.1945046999277	200.69135802469137	174.92407809110628
uninfected	89.02057613168725	3.516992046276211	107.85185185185185	28.135936370209688
uninfected	183.57201646090536	194.91540130151844	201.61316872427983	216.0173535791757
uninfected	191.47325102880657	44.24005784526392	210.3045267489712	72.93130874909616
uninfected	113.11934156378601	94.77368040491685	132.8724279835391	120.6883586406363
uninfected	226.10699588477365	167.70498915401302	245.33333333333334	193.43456254519162
uninfected	203.58847736625515	12.587129428778018	222.68312757201647	41.093275488069416
uninfected	16.46090534979424	174.18365871294287	35.55555555555556	196.02603036876357
uninfected	7.901234567901234	91.25668835864063	26.995884773662553	115.69052783803326
uninfected	185.4156378600823	218.4237165582068	203.85185185185185	246.55965292841648
uninfected	196.47736625514403	71.08026030368764	214.78189300411523	98.4757772957339
uninfected	140.5102880658436	90.33116413593638	160.2633744855967	111.9884309472162
uninfected	216.75720164609052	1.4808387563268257	236.77366255144034	24.433839479392624
uninfected	37.925925925925924	175.10918293564714	58.46913580246913	198.43239334779466
uninfected	38.97942386831276	152.7114967462039	58.205761316872426	176.96023138105568
uninfected	226.63374485596708	18.32537960954447	246.5185185185185	44.98047722342733
uninfected	79.80246913580247	134.5712219812003	99.29218106995884	157.5242227042661
uninfected	188.0493827160494	3.1467823571945046	206.48559670781893	29.43167028199566
uninfected	175.1440329218107	15.919016630513378	194.89711934156378	42.57411424439624
uninfected	17.25102880658436	43.4996384671005	36.34567901234568	70.89515545914678
uninfected	126.41975308641975	203.80043383947938	149.59670781893004	230.82574114244397
uninfected	168.69135802469137	217.31308749096166	186.99588477366254	243.96818510484454
uninfected	172.2469135802469	167.89009399855388	190.02469135802468	189.177151120752
uninfected	235.7201646090535	223.05133767172813	255.34156378600824	247.11496746203903
uninfected	94.15637860082305	25.729573391178597	113.38271604938272	52.199566160520604
uninfected	225.58024691358025	89.96095444685466	244.93827160493828	116.98626174981923
uninfected	105.87654320987654	44.795372378886476	124.44444444444444	67.19305856832972
uninfected	24.88888888888889	214.90672451193058	43.7201646090535	243.04266088214027
uninfected	97.44855967078189	61.45480838756327	116.80658436213992	86.81417208966016
uninfected	18.304526748971192	152.3412870571222	39.63786008230453	176.0347071583514
uninfected	95.86831275720165	131.7946493130875	116.2798353909465	155.85827910339842
uninfected	121.4156378600823	178.25596529284164	138.40329218106996	196.76644974692698
uninfected	129.97530864197532	109.39696312364426	152.49382716049382	132.5350686912509
uninfected	44.24691358024691	80.705712219812	65.58024691358025	107.17570498915401
uninfected	88.62551440329219	174.18365871294287	106.27160493827161	194.17498192335503
uninfected	59.91769547325103	64.97180043383948	79.4074074074074	90.70137382501808
uninfected	231.24279835390948	67.56326825741142	250.07407407407408	91.8120028922632
uninfected	208.19753086419752	48.497469269703544	226.89711934156378	77.00361532899494
uninfected	58.33744855967078	173.62834417932032	75.85185185185185	203.61532899493855
uninfected	50.30452674897119	25.91467823571945	67.1604938271605	48.86767895878525
uninfected	32.92181069958848	50.71872740419378	52.016460905349795	79.59508315256689
uninfected	145.64609053497944	28.506146059291396	171.06172839506172	52.38467100506146
uninfected	95.47325102880659	88.66522053506868	115.75308641975309	121.058568329718
uninfected	66.37037037037037	110.32248734634852	94.41975308641975	129.7584960231381
uninfected	56.36213991769547	4.997830802603037	77.56378600823045	30.357194504699926
uninfected	78.22222222222223	59.23355025307303	96.52674897119341	84.77801879971078
uninfected	70.5843621399177	91.62689804772235	91.91769547325103	112.72885032537961
uninfected	81.25102880658436	117.17136659436008	107.06172839506173	138.0882140274765
uninfected	65.05349794238683	189.5473608098337	81.11934156378601	217.68329718004338
uninfected	34.89711934156379	25.729573391178597	53.20164609053498	53.12509038322487
uninfected	107.06172839506173	236.74909616775128	121.67901234567901	254.70426608821404
uninfected	76.11522633744856	14.808387563268257	94.68312757201646	41.27838033261027
uninfected	40.82304526748971	203.06001446131597	64.0	232.86189443239334
infected	104.16460905349794	216.94287780187997	124.04938271604938	239.34056399132322
uninfected	81.25102880658436	82.00144613159797	108.11522633744856	101.62255965292842
uninfected	71.90123456790124	226.3832248734635	86.38683127572017	254.14895155459146
uninfected	82.5679012345679	40.908170643528564	107.7201646090535	62.935647143890094
uninfected	49.251028806584365	47.75704989154013	65.58024691358025	76.26319595083153
infected	35.818930041152264	1.4808387563268257	58.732510288065846	29.061460592913956
infected	220.97119341563786	38.68691250903832	242.0411522633745	69.04410701373826
infected	213.20164609053498	70.15473608098337	234.13991769547326	103.47360809833695
infected	105.7448559670782	180.84743311641358	128.9218106995885	211.94504699927694
infected	91.78600823045268	229.1597975415763	112.72427983539094	253.40853217642805
uninfected	36.477366255144034	224.90238611713667	55.30864197530864	253.40853217642805
uninfected	52.016460905349795	226.01301518438177	72.559670781893	250.63195950831525
uninfected	62.81481481481482	215.09182935647144	82.83127572016461	237.85972523499638
