uninfected	135.11111111111111	139.01373825018078	153.679012345679	162.70715835141
uninfected	138.93004115226339	66.26753434562545	156.3127572016461	90.14605929139552
uninfected	216.88888888888889	110.50759219088937	235.58847736625515	134.38611713665944
uninfected	88.62551440329219	27.02530730296457	105.21810699588477	50.90383224873464
uninfected	121.54732510288066	146.7881417208966	138.53497942386832	173.07302964569777
uninfected	109.56378600823045	52.01446131597975	127.73662551440329	74.59725234996385
uninfected	111.27572016460906	72.19088937093275	127.73662551440329	93.10773680404917
uninfected	199.3744855967078	79.96529284164859	217.54732510288065	102.54808387563268
uninfected	214.78189300411523	175.6644974692697	230.97942386831275	198.06218365871294
uninfected	86.51851851851852	50.90383224873464	102.18930041152264	72.74620390455532
uninfected	138.66666666666666	214.72161966738975	155.78600823045267	239.15545914678236
uninfected	225.31687242798353	4.812725958062184	242.96296296296296	30.542299349240782
uninfected	165.66255144032922	151.23065798987707	181.9917695473251	173.2581344902386
uninfected	86.2551440329218	68.8590021691974	105.34979423868313	91.07158351409979
uninfected	107.58847736625515	162.89226319595082	125.36625514403292	185.47505422993493
uninfected	109.95884773662551	125.68618944323933	128.52674897119343	151.6008676789588
uninfected	134.320987654321	196.2111352133044	154.07407407407408	217.86840202458424
uninfected	8.296296296296296	116.80115690527838	25.54732510288066	139.56905278380333
uninfected	43.06172839506173	12.402024584237166	62.55144032921811	35.91033984092552
uninfected	148.0164609053498	99.77151120751988	167.3744855967078	124.20535068691251
uninfected	75.58847736625515	142.34562545191613	92.18106995884774	165.11352133044107
uninfected	87.30864197530865	202.1344902386117	103.90123456790124	224.7172812725958
uninfected	40.95473251028807	77.74403470715835	56.36213991769547	106.80549530007231
uninfected	76.37860082304526	182.88358640636298	92.18106995884774	206.9472161966739
uninfected	196.6090534979424	37.76138828633405	213.7283950617284	61.63991323210412
uninfected	51.88477366255144	218.0535068691251	71.24279835390946	243.96818510484454
uninfected	230.320987654321	165.11352133044107	251.3909465020576	191.0281995661605
uninfected	146.43621399176953	3.516992046276211	164.08230452674897	26.840202458423718
uninfected	56.888888888888886	143.82646420824295	76.90534979423869	168.6305133767173
uninfected	55.96707818930041	65.71221981200289	74.13991769547324	89.59074475777295
uninfected	181.06995884773661	144.3817787418655	201.08641975308643	169.7411424439624
uninfected	88.49382716049382	173.44323933477946	106.53497942386831	192.6941431670282
uninfected	45.56378600823045	44.98047722342733	63.60493827160494	69.04410701373826
uninfected	156.97119341563786	119.02241503976862	173.03703703703704	140.67968185104846
uninfected	173.6954732510288	49.0527838033261	187.25925925925927	69.04410701373826
uninfected	204.37860082304528	42.759219088937094	222.68312757201647	67.19305856832972
uninfected	224.79012345679013	195.470715835141	244.2798353909465	222.49602313810556
uninfected	32.65843621399177	120.31814895155459	52.54320987654321	147.1583514099783
uninfected	91.39094650205762	136.97758496023138	111.01234567901234	164.00289226319595
uninfected	70.32098765432099	126.05639913232105	84.80658436213992	145.6775126536515
uninfected	162.63374485596708	134.38611713665944	183.1769547325103	154.00723065798988
uninfected	203.32510288065845	229.34490238611713	224.13168724279836	254.51916124367318
uninfected	93.10288065843622	225.0874909616775	114.96296296296296	251.37237888647866
uninfected	153.9423868312757	22.9530007230658	167.76954732510288	40.352856109906
uninfected	81.77777777777777	115.5054229934924	97.84362139917695	138.4584237165582
uninfected	52.674897119341566	118.46710050614605	66.23868312757202	141.79031091829356
uninfected	144.59259259259258	236.74909616775128	164.34567901234567	255.81489515545914
uninfected	97.44855967078189	120.31814895155459	114.5679012345679	140.67968185104846
infected	66.10699588477367	105.13955169920463	84.01646090534979	125.50108459869848
