uninfected	7.901234567901234	77.92913955169921	26.20576131687243	101.62255965292842
uninfected	75.58847736625515	30.542299349240782	94.55144032921811	55.53145336225597
uninfected	148.41152263374485	56.08676789587852	167.50617283950618	82.55676066522054
uninfected	203.58847736625515	164.1879971077368	222.68312757201647	191.0281995661605
uninfected	211.7530864197531	197.5068691250904	229.79423868312756	222.68112798264642
uninfected	222.94650205761317	24.804049168474332	241.51440329218107	50.16341287057122
uninfected	163.1604938271605	127.53723788864787	182.65020576131687	154.93275488069415
uninfected	106.66666666666667	156.96890817064352	125.76131687242798	181.9580621836587
uninfected	82.3045267489712	169.92624728850325	100.34567901234568	194.17498192335503
uninfected	6.716049382716049	127.90744757772957	24.362139917695472	153.26681127982647
uninfected	117.06995884773663	32.76355748373102	135.50617283950618	54.9761388286334
uninfected	139.58847736625515	179.73680404916848	158.68312757201647	202.31959508315256
uninfected	193.31687242798353	45.35068691250904	210.96296296296296	70.52494577006507
uninfected	8.954732510288066	14.623282718727404	29.62962962962963	41.093275488069416
uninfected	68.60905349794238	54.6059291395517	89.1522633744856	79.03976861894432
uninfected	186.46913580246914	166.40925524222703	205.56378600823047	188.80694143167028
uninfected	209.77777777777777	18.140274765003614	227.81893004115227	45.16558206796819
uninfected	225.58024691358025	72.37599421547361	247.04526748971193	99.03109182935647
uninfected	152.75720164609052	147.1583514099783	172.64197530864197	177.51554591467823
uninfected	28.181069958847736	200.09833694866234	47.67078189300412	224.3470715835141
uninfected	129.84362139917695	69.78452639190166	149.7283950617284	92.92263195950831
uninfected	26.20576131687243	123.8351409978308	44.90534979423868	150.49023861171366
uninfected	30.2880658436214	223.79175704989154	49.11934156378601	243.412870571222
uninfected	90.60082304526749	194.91540130151844	110.88065843621399	219.1641359363702
uninfected	182.38683127572017	233.41720896601592	201.21810699588477	255.62979031091828
uninfected	224.0	226.3832248734635	244.41152263374485	247.3000723065799
uninfected	121.1522633744856	179.73680404916848	139.06172839506172	203.98553868402024
uninfected	15.407407407407407	176.59002169197396	34.370370370370374	203.24511930585683
uninfected	229.66255144032922	199.35791757049893	248.3621399176955	227.1236442516269
uninfected	149.9917695473251	223.42154736080983	171.45679012345678	250.44685466377442
uninfected	117.86008230452676	214.90672451193058	138.93004115226339	243.04266088214027
uninfected	220.8395061728395	89.0354302241504	240.32921810699588	118.46710050614605
uninfected	66.89711934156378	165.66883586406362	85.46502057613169	188.43673174258856
uninfected	224.79012345679013	114.39479392624729	248.3621399176955	135.49674620390456
uninfected	32.0	26.840202458423718	49.64609053497942	51.27404193781634
uninfected	234.2716049382716	60.159074475777295	255.7366255144033	85.70354302241503
uninfected	102.32098765432099	99.03109182935647	114.43621399176955	111.80332610267534
infected	99.02880658436214	23.50831525668836	117.72839506172839	53.86550976138829
infected	224.9218106995885	154.19233550253074	247.440329218107	181.9580621836587
infected	48.32921810699588	74.7823571945047	69.26748971193416	101.62255965292842
infected	6.584362139917696	101.62255965292842	26.60082304526749	128.46276211135213
infected	77.95884773662551	209.90889370932754	98.10699588477367	237.67462039045554
infected	179.4897119341564	102.91829356471439	200.03292181069958	131.7946493130875
