uninfected	154.46913580246914	19.991323210412148	172.90534979423867	47.01663051337672
uninfected	218.8641975308642	202.68980477223428	236.77366255144034	227.1236442516269
uninfected	102.5843621399177	100.1417208966016	120.75720164609054	123.4649313087491
uninfected	53.991769547325106	126.05639913232105	71.24279835390946	148.26898047722344
uninfected	112.72427983539094	81.0759219088937	129.84362139917695	104.21402747650036
uninfected	11.851851851851851	81.0759219088937	28.97119341563786	103.84381778741866
uninfected	119.96707818930041	186.21547360809834	138.13991769547326	208.057845263919
uninfected	202.53497942386832	197.69197396963125	219.65432098765433	225.0874909616775
uninfected	156.44444444444446	59.78886478669559	176.59259259259258	85.14822848879248
uninfected	203.45679012345678	11.106290672451193	222.94650205761317	36.28054953000723
uninfected	80.72427983539094	72.19088937093275	99.1604938271605	93.29284164859003
uninfected	15.539094650205762	135.86695589298625	34.89711934156379	161.0412147505423
uninfected	97.18518518518519	193.0643528561099	115.35802469135803	218.7939262472885
uninfected	42.666666666666664	3.331887201735358	59.91769547325103	27.210412147505423
uninfected	207.40740740740742	100.32682574114244	226.50205761316872	125.50108459869848
uninfected	79.1440329218107	50.16341287057122	100.74074074074075	73.48662328271872
uninfected	84.80658436213992	94.77368040491685	103.37448559670781	123.4649313087491
uninfected	182.12345679012347	118.65220535068691	203.7201646090535	136.23716558206797
uninfected	154.99588477366254	215.2769342010123	173.82716049382717	241.56182212581345
uninfected	20.016460905349795	156.59869848156183	39.76954732510288	181.03253796095444
uninfected	114.83127572016461	141.79031091829356	135.76954732510288	168.6305133767173
uninfected	38.452674897119344	63.86117136659436	59.25925925925926	91.25668835864063
uninfected	236.2469135802469	126.9819233550253	253.76131687242798	154.37744034707157
uninfected	75.32510288065843	216.94287780187997	96.26337448559671	239.34056399132322
uninfected	0.0	146.97324656543745	18.699588477366255	173.2581344902386
uninfected	61.89300411522634	87.55459146782357	80.46090534979425	116.43094721619667
uninfected	176.98765432098764	187.69631236442515	195.02880658436214	217.31308749096166
uninfected	12.905349794238683	188.06652205350687	33.97530864197531	214.90672451193058
uninfected	142.74897119341563	121.79898770788142	158.02469135802468	153.0817064352856
infected	170.79835390946502	35.72523499638467	198.320987654321	53.86550976138829
infected	156.3127572016461	123.4649313087491	175.27572016460906	148.08387563268258
infected	45.4320987654321	100.5119305856833	63.34156378600823	127.90744757772957
infected	162.63374485596708	46.2762111352133	188.0493827160494	66.45263919016631
