uninfected	236.90534979423867	111.80332610267534	253.49794238683128	137.16268980477224
uninfected	204.37860082304528	94.21836587129428	222.8148148148148	119.39262472885032
uninfected	41.08641975308642	71.82067968185105	59.390946502057616	98.4757772957339
uninfected	220.70781893004116	49.97830802603037	238.22222222222223	74.412147505423
uninfected	234.66666666666666	221.5704989154013	253.76131687242798	248.0404916847433
uninfected	71.50617283950618	57.93781634128706	90.8641975308642	85.14822848879248
uninfected	187.78600823045267	0.18510484454085321	206.6172839506173	22.212581344902386
uninfected	77.56378600823045	85.88864786695589	95.47325102880659	109.9522776572668
uninfected	231.50617283950618	84.77801879971078	249.54732510288065	115.1352133044107
uninfected	40.2962962962963	47.571945046999275	60.181069958847736	74.22704266088213
uninfected	83.88477366255144	42.944323933477946	102.71604938271605	67.56326825741142
uninfected	171.45679012345678	65.34201012292118	190.2880658436214	88.48011569052784
uninfected	25.679012345679013	49.42299349240781	43.45679012345679	76.07809110629067
uninfected	48.19753086419753	96.62472885032538	68.34567901234568	123.8351409978308
uninfected	67.1604938271605	104.58423716558207	83.09465020576131	121.24367317425886
uninfected	134.0576131687243	208.98336948662327	152.3621399176955	231.19595083152566
uninfected	24.625514403292183	139.38394793926247	43.983539094650205	166.40925524222703
uninfected	33.31687242798354	120.6883586406363	50.5679012345679	144.93709327548808
uninfected	2.5020576131687244	72.0057845263919	21.86008230452675	98.29067245119306
uninfected	113.77777777777777	117.5415762834418	131.1604938271605	140.8647866955893
uninfected	59.65432098765432	46.2762111352133	78.61728395061728	71.82067968185105
uninfected	158.8148148148148	188.99204627621114	178.3045267489712	215.46203904555315
uninfected	162.76543209876544	2.2212581344902387	180.54320987654322	26.284887924801158
uninfected	18.304526748971192	82.55676066522054	36.08230452674897	107.17570498915401
uninfected	74.66666666666667	32.20824295010846	90.73251028806584	59.60375994215474
uninfected	202.40329218106996	167.3347794649313	220.5761316872428	188.80694143167028
uninfected	40.95473251028807	140.30947216196674	58.732510288065846	167.89009399855388
uninfected	91.52263374485597	74.412147505423	110.61728395061728	98.4757772957339
uninfected	96.39506172839506	116.98626174981923	115.22633744855968	142.34562545191613
uninfected	148.14814814814815	70.89515545914678	167.90123456790124	95.32899493853941
uninfected	103.37448559670781	17.21475054229935	122.99588477366255	43.869848156182215
uninfected	94.68312757201646	141.60520607375273	113.38271604938272	166.40925524222703
uninfected	73.34979423868313	119.39262472885032	90.99588477366255	144.0115690527838
uninfected	145.119341563786	92.1822125813449	157.36625514403292	108.10122921185828
uninfected	103.76954732510288	228.60448300795372	123.1275720164609	253.9638467100506
uninfected	186.07407407407408	81.0759219088937	203.85185185185185	103.84381778741866
uninfected	0.0	143.45625451916123	16.987654320987655	166.2241503976862
uninfected	222.94650205761317	130.68402024584236	243.35802469135803	151.41576283441793
uninfected	215.57201646090536	82.37165582067968	234.2716049382716	108.47143890093999
uninfected	226.89711934156378	148.26898047722344	245.86008230452674	172.1475054229935
uninfected	32.0	94.9587852494577	49.90946502057613	119.02241503976862
uninfected	233.21810699588477	59.23355025307303	252.44444444444446	86.6290672451193
uninfected	42.27160493827161	12.957339117859725	61.10288065843621	37.020968908170644
uninfected	118.78189300411523	7.219088937093275	136.16460905349794	31.467823571945047
uninfected	97.7119341563786	34.984815618221255	115.48971193415638	57.93781634128706
uninfected	155.65432098765433	168.81561822125815	174.09053497942386	192.6941431670282
uninfected	12.77366255144033	201.94938539407087	30.551440329218106	225.27259580621836
uninfected	168.69135802469137	140.8647866955893	186.8641975308642	165.85394070860448
uninfected	11.325102880658436	48.497469269703544	29.366255144032923	77.00361532899494
uninfected	114.5679012345679	184.91973969631238	131.6872427983539	208.057845263919
uninfected	53.59670781893004	119.02241503976862	75.98353909465021	142.53073029645697
uninfected	16.46090534979424	173.07302964569777	34.63374485596708	199.35791757049893
uninfected	13.037037037037036	24.06362979031092	30.94650205761317	47.94215473608099
infected	159.20987654320987	80.3355025307303	184.23045267489712	113.46926970354302
uninfected	102.97942386831275	93.29284164859003	122.46913580246914	119.02241503976862
infected	56.23045267489712	70.33984092552423	79.93415637860082	101.43745480838756
uninfected	153.28395061728395	116.43094721619667	173.03703703703704	141.79031091829356
uninfected	58.074074074074076	15.363702096890817	78.61728395061728	43.31453362255965
uninfected	196.6090534979424	44.24005784526392	215.440329218107	73.85683297180043
uninfected	110.88065843621399	142.53073029645697	130.89711934156378	169.92624728850325
uninfected	110.09053497942386	68.48879248011569	129.58024691358025	94.40347071583514
uninfected	38.584362139917694	172.5177151120752	56.098765432098766	194.91540130151844
uninfected	62.68312757201646	163.07736804049168	79.01234567901234	184.3644251626898
infected	216.88888888888889	105.50976138828634	238.48559670781893	133.09038322487348
uninfected	129.7119341563786	71.82067968185105	149.59670781893004	97.7353579175705
uninfected	96.65843621399176	177.14533622559654	116.14814814814815	204.35574837310196
uninfected	78.09053497942386	181.9580621836587	97.7119341563786	208.057845263919
uninfected	42.40329218106996	12.402024584237166	61.36625514403292	36.65075921908894
uninfected	207.27572016460906	119.02241503976862	224.52674897119343	141.04989154013015
uninfected	242.3045267489712	139.1988430947216	255.47325102880657	171.77729573391179
