uninfected	229.66255144032922	106.62039045553145	247.96707818930042	131.05422993492408
uninfected	164.47736625514403	159.74548083875632	180.80658436213992	180.84743311641358
uninfected	207.1440329218107	38.872017353579174	225.31687242798353	62.010122921185825
uninfected	148.0164609053498	188.25162689804773	165.00411522633746	211.38973246565436
uninfected	217.9423868312757	105.87997107736804	232.16460905349794	128.647866955893
uninfected	172.11522633744855	88.29501084598698	188.18106995884773	109.2118582791034
uninfected	78.35390946502058	178.0708604483008	97.18518518518519	201.57917570498915
uninfected	223.7366255144033	77.18872017353578	242.0411522633745	101.99276934201012
uninfected	101.00411522633745	215.09182935647144	117.72839506172839	237.67462039045554
uninfected	86.12345679012346	199.91323210412148	101.92592592592592	221.940708604483
uninfected	176.19753086419752	177.88575560375995	194.76543209876544	201.57917570498915
uninfected	119.83539094650206	115.5054229934924	136.16460905349794	138.0882140274765
uninfected	173.6954732510288	207.68763557483732	191.86831275720164	231.75126536514824
uninfected	62.81481481481482	164.74331164135936	81.25102880658436	185.84526391901662
uninfected	53.991769547325106	95.14389009399855	72.559670781893	121.058568329718
uninfected	237.30041152263374	63.86117136659436	254.2880658436214	90.88647866955893
uninfected	4.477366255144033	45.9060014461316	24.23045267489712	69.41431670281996
uninfected	99.42386831275721	161.96673897324658	118.38683127572017	187.69631236442515
uninfected	24.493827160493826	15.733911785972523	40.16460905349794	39.42733188720174
uninfected	195.81893004115227	109.2118582791034	212.2798353909465	131.05422993492408
uninfected	148.80658436213992	151.78597252349965	162.37037037037038	169.3709327548807
uninfected	195.29218106995884	160.48590021691973	213.9917695473251	187.32610267534346
uninfected	115.22633744855968	152.89660159074475	131.9506172839506	174.36876355748373
uninfected	200.95473251028807	60.34417932031815	219.78600823045267	86.07375271149675
uninfected	109.16872427983539	173.07302964569777	128.65843621399176	197.87707881417208
uninfected	54.51851851851852	126.79681851048446	75.85185185185185	149.74981923355026
uninfected	99.42386831275721	186.77078814172089	117.20164609053498	210.46420824295012
uninfected	47.67078189300412	35.35502530730297	62.02469135802469	56.08676789587852
uninfected	45.82716049382716	142.71583514099783	65.18518518518519	169.00072306579898
uninfected	77.95884773662551	47.94215473608099	99.02880658436214	72.19088937093275
uninfected	172.5102880658436	135.86695589298625	192.0	161.59652928416486
uninfected	14.222222222222221	66.26753434562545	31.473251028806583	94.40347071583514
uninfected	57.94238683127572	48.12725958062184	78.48559670781893	70.33984092552423
uninfected	126.81481481481481	214.16630513376717	146.17283950617283	239.34056399132322
uninfected	203.45679012345678	132.72017353579176	221.49794238683128	159.93058568329718
uninfected	137.34979423868313	131.23933477946494	151.440329218107	150.86044830079538
uninfected	181.33333333333334	108.28633405639913	199.24279835390948	124.57556037599421
uninfected	58.60082304526749	22.397686189443238	77.4320987654321	49.608098336948665
uninfected	132.74074074074073	116.43094721619667	148.41152263374485	138.4584237165582
uninfected	68.47736625514403	66.26753434562545	85.86008230452676	87.55459146782357
uninfected	163.81893004115227	188.99204627621114	183.1769547325103	216.57266811279825
uninfected	20.14814814814815	101.99276934201012	39.50617283950617	129.94360086767895
uninfected	179.62139917695472	155.67317425885756	198.320987654321	183.6240057845264
uninfected	11.325102880658436	19.250903832248735	29.62962962962963	50.533622559652926
uninfected	116.80658436213992	199.17281272595807	138.0082304526749	222.68112798264642
uninfected	140.90534979423867	45.35068691250904	159.34156378600824	70.33984092552423
uninfected	193.97530864197532	80.3355025307303	211.4897119341564	105.50976138828634
uninfected	142.48559670781893	210.0939985538684	170.13991769547326	227.1236442516269
uninfected	122.20576131687243	145.6775126536515	141.4320987654321	166.9645697758496
uninfected	127.73662551440329	164.74331164135936	147.88477366255145	189.9175704989154
uninfected	64.0	34.4295010845987	84.01646090534979	52.75488069414317
uninfected	136.69135802469137	13.327548806941431	152.6255144032922	33.68908170643529
uninfected	123.78600823045268	183.2537960954447	140.2469135802469	206.02169197396964
uninfected	28.839506172839506	125.87129428778019	50.43621399176955	147.52856109906003
uninfected	16.19753086419753	0.37020968908170643	30.814814814814813	20.176428054953
uninfected	191.60493827160494	143.82646420824295	211.88477366255145	166.5943600867679
uninfected	171.45679012345678	111.43311641359364	181.59670781893004	131.05422993492408
uninfected	140.37860082304528	22.397686189443238	156.0493827160494	42.38900939985539
uninfected	39.50617283950617	99.77151120751988	53.465020576131685	125.87129428778019
uninfected	229.66255144032922	0.0	244.14814814814815	34.7997107736804
uninfected	241.25102880658437	86.6290672451193	255.86831275720164	110.13738250180766
uninfected	0.0	66.82284887924801	17.382716049382715	89.96095444685466
uninfected	145.25102880658437	228.23427331887203	165.26748971193416	251.18727404193783
infected	77.56378600823045	82.37165582067968	101.26748971193416	113.09906001446132
uninfected	29.366255144032923	36.46565437454808	45.82716049382716	59.23355025307303
uninfected	184.49382716049382	121.79898770788142	206.22222222222223	150.3051337671728
uninfected	190.15637860082305	77.00361532899494	201.61316872427983	100.5119305856833
