uninfected	51.62139917695473	155.4880694143167	69.26748971193416	177.7006507592191
uninfected	224.9218106995885	108.65654374548083	243.22633744855966	133.64569775849603
uninfected	168.03292181069958	146.04772234273318	185.4156378600823	170.48156182212583
uninfected	183.57201646090536	221.2002892263196	200.2962962962963	243.412870571222
uninfected	77.95884773662551	96.43962400578452	94.2880658436214	118.83731019522777
uninfected	70.8477366255144	216.38756326825742	86.12345679012346	238.60014461315978
uninfected	177.3827160493827	118.46710050614605	194.89711934156378	143.45625451916123
uninfected	4.345679012345679	26.655097613882862	20.54320987654321	49.23788864786695
uninfected	156.5761316872428	181.2176428054953	171.06172839506172	203.06001446131597
uninfected	34.370370370370374	172.70281995661605	51.88477366255144	193.80477223427332
uninfected	205.9588477366255	226.19812002892263	224.9218106995885	251.00216919739697
uninfected	173.4320987654321	90.51626898047722	189.89300411522635	116.61605206073753
uninfected	213.9917695473251	132.34996384671004	232.69135802469137	156.41359363702097
uninfected	138.93004115226339	70.52494577006507	157.49794238683128	95.14389009399855
uninfected	106.79835390946502	91.44179320318149	124.04938271604938	115.1352133044107
uninfected	179.22633744855966	159.93058568329718	199.76954732510288	186.77078814172089
uninfected	227.1604938271605	72.0057845263919	244.67489711934155	95.14389009399855
uninfected	52.806584362139915	21.84237165582068	71.24279835390946	44.24005784526392
uninfected	12.11522633744856	179.92190889370931	30.68312757201646	203.24511930585683
uninfected	185.679012345679	97.55025307302965	201.4814814814815	120.6883586406363
uninfected	220.5761316872428	156.2284887924801	239.53909465020575	178.99638467100507
uninfected	149.33333333333334	90.33116413593638	167.11111111111111	116.24584237165583
uninfected	144.72427983539094	198.2472885032538	159.60493827160494	218.4237165582068
uninfected	188.0493827160494	0.37020968908170643	205.9588477366255	22.9530007230658
uninfected	148.80658436213992	51.8293564714389	167.76954732510288	75.33767172812726
uninfected	1.9753086419753085	150.86044830079538	20.016460905349795	174.73897324656545
uninfected	135.76954732510288	114.95010845986985	151.04526748971193	133.46059291395517
uninfected	139.9835390946502	221.2002892263196	160.13168724279836	244.33839479392626
uninfected	156.44444444444446	4.812725958062184	173.56378600823047	27.58062183658713
uninfected	158.41975308641975	200.09833694866234	176.19753086419752	224.3470715835141
uninfected	158.68312757201647	82.55676066522054	174.74897119341563	103.84381778741866
uninfected	140.90534979423867	145.1221981200289	154.46913580246914	162.1518438177874
uninfected	163.81893004115227	211.75994215473608	177.3827160493827	231.75126536514824
uninfected	160.2633744855967	70.52494577006507	178.0411522633745	90.70137382501808
uninfected	174.35390946502056	41.27838033261027	186.99588477366254	58.49313087490962
uninfected	116.01646090534979	101.62255965292842	130.63374485596708	121.79898770788142
uninfected	6.4526748971193415	178.0708604483008	20.54320987654321	194.17498192335503
infected	165.1358024691358	15.178597252349963	186.6008230452675	42.01879971077368
infected	55.17695473251029	182.69848156182212	72.03292181069959	204.35574837310196
infected	129.4485596707819	139.1988430947216	145.119341563786	160.48590021691973
