uninfected	141.03703703703704	221.01518438177874	157.76131687242798	246.1894432393348
uninfected	43.851851851851855	73.30151843817788	60.44444444444444	94.03326102675344
uninfected	15.407407407407407	151.23065798987707	34.370370370370374	176.40491684743313
uninfected	22.51851851851852	45.53579175704989	40.559670781893004	69.96963123644251
uninfected	145.25102880658437	81.0759219088937	161.97530864197532	103.2885032537961
uninfected	109.95884773662551	207.68763557483732	125.49794238683127	236.00867678958787
uninfected	161.7119341563786	34.7997107736804	179.88477366255145	59.418655097613886
uninfected	131.1604938271605	92.92263195950831	149.06995884773661	118.46710050614605
uninfected	122.33744855967078	36.83586406362979	140.5102880658436	60.89949385394071
uninfected	83.48971193415638	224.90238611713667	103.90123456790124	250.0766449746927
uninfected	94.41975308641975	127.53723788864787	110.88065843621399	157.15401301518438
uninfected	73.08641975308642	189.9175704989154	91.65432098765432	215.09182935647144
uninfected	100.47736625514403	91.44179320318149	116.93827160493827	109.76717281272596
uninfected	101.1358024691358	182.51337671728126	120.62551440329219	208.24295010845987
uninfected	134.5843621399177	161.78163412870572	154.46913580246914	188.25162689804773
uninfected	94.15637860082305	31.282718727404195	114.04115226337449	57.56760665220535
uninfected	149.7283950617284	131.23933477946494	168.8230452674897	156.78380332610269
uninfected	113.90946502057614	58.67823571945047	133.3991769547325	84.77801879971078
uninfected	13.037037037037036	225.8279103398409	30.419753086419753	254.88937093275487
uninfected	106.27160493827161	120.13304410701373	125.23456790123457	148.63919016630513
uninfected	117.20164609053498	99.58640636297903	136.16460905349794	129.3882863340564
uninfected	88.49382716049382	200.65365148228489	109.56378600823045	225.64280549530008
uninfected	132.8724279835391	118.28199566160521	154.20576131687244	142.71583514099783
uninfected	104.03292181069959	154.37744034707157	122.07407407407408	185.1048445408532
uninfected	59.1275720164609	28.506146059291396	77.4320987654321	52.38467100506146
uninfected	145.64609053497944	193.0643528561099	163.1604938271605	216.0173535791757
uninfected	160.79012345679013	60.159074475777295	179.35802469135803	80.705712219812
uninfected	150.2551440329218	47.94215473608099	168.42798353909464	75.33767172812726
uninfected	127.73662551440329	139.1988430947216	147.62139917695472	164.92841648590021
uninfected	133.26748971193416	193.80477223427332	144.06584362139918	220.64497469269705
uninfected	121.81069958847736	169.18582791033984	140.2469135802469	195.28561099060013
uninfected	172.90534979423867	2.7765726681127982	194.37037037037038	27.950831525668836
uninfected	119.04526748971193	140.8647866955893	132.21399176954733	171.40708604483007
uninfected	127.20987654320987	0.18510484454085321	145.90946502057614	26.840202458423718
infected	132.8724279835391	57.01229211858279	148.41152263374485	84.77801879971078
infected	85.86008230452676	153.82212581344902	101.92592592592592	181.587852494577
uninfected	155.91769547325103	0.0	171.85185185185185	20.176428054953
