uninfected	138.79835390946502	58.12292118582791	156.18106995884773	80.15039768618945
uninfected	6.320987654320987	199.91323210412148	22.386831275720166	219.9045553145336
uninfected	145.51440329218107	7.033984092552422	162.63374485596708	31.6529284164859
uninfected	133.26748971193416	158.44974692697036	150.5185185185185	183.9942154736081
uninfected	86.51851851851852	129.57339117859726	103.76954732510288	151.78597252349965
uninfected	32.79012345679013	86.07375271149675	50.699588477366255	107.54591467823572
uninfected	65.84362139917695	34.984815618221255	85.33333333333333	59.418655097613886
uninfected	57.547325102880656	7.033984092552422	75.45679012345678	33.68908170643529
uninfected	76.37860082304526	94.77368040491685	94.94650205761317	118.09689081706435
uninfected	11.720164609053498	133.46059291395517	28.444444444444443	154.19233550253074
uninfected	62.55144032921811	173.62834417932032	77.82716049382717	193.24945770065077
uninfected	203.19341563786008	51.64425162689805	221.49794238683128	77.00361532899494
uninfected	12.378600823045268	24.989154013015185	29.893004115226336	49.79320318148952
uninfected	30.156378600823047	169.7411424439624	47.275720164609055	193.0643528561099
uninfected	22.51851851851852	147.52856109906003	40.69135802469136	171.96240057845264
uninfected	150.12345679012347	135.86695589298625	167.24279835390948	157.15401301518438
uninfected	172.11522633744855	132.34996384671004	190.5514403292181	155.117859725235
uninfected	135.6378600823045	30.542299349240782	152.88888888888889	50.16341287057122
uninfected	173.30041152263374	203.98553868402024	188.8395061728395	221.75560375994215
uninfected	32.13168724279836	227.8640636297903	48.98765432098765	250.63195950831525
uninfected	145.119341563786	224.53217642805495	163.81893004115227	248.22559652928416
uninfected	235.58847736625515	16.65943600867679	253.36625514403292	37.94649313087491
uninfected	87.96707818930041	26.099783080260302	102.5843621399177	45.35068691250904
uninfected	57.67901234567901	78.29934924078091	73.87654320987654	99.58640636297903
uninfected	124.04938271604938	206.2067968185105	143.01234567901236	229.9002169197397
uninfected	57.415637860082306	110.50759219088937	72.29629629629629	131.42443962400577
uninfected	149.59670781893004	154.00723065798988	166.71604938271605	178.81127982646422
uninfected	212.80658436213992	59.048445408532174	231.50617283950618	82.37165582067968
uninfected	157.49794238683128	116.61605206073753	177.77777777777777	142.71583514099783
uninfected	110.88065843621399	12.216919739696312	127.07818930041152	37.5762834417932
uninfected	115.48971193415638	177.14533622559654	129.84362139917695	197.5068691250904
uninfected	172.11522633744855	224.53217642805495	189.76131687242798	247.48517715112075
uninfected	42.666666666666664	124.02024584237165	57.28395061728395	143.82646420824295
uninfected	55.83539094650206	188.80694143167028	68.74074074074075	206.39190166305133
uninfected	16.329218106995885	116.43094721619667	37.267489711934154	139.1988430947216
uninfected	99.55555555555556	180.4772234273319	111.4074074074074	199.17281272595807
uninfected	218.33744855967078	94.21836587129428	234.13991769547326	118.46710050614605
uninfected	0.26337448559670784	42.20390455531454	18.041152263374485	64.60159074475777
uninfected	32.79012345679013	114.02458423716558	47.01234567901235	132.90527838033262
infected	106.27160493827161	41.27838033261027	120.62551440329219	63.3058568329718
uninfected	162.76543209876544	163.07736804049168	176.72427983539094	181.587852494577
uninfected	110.09053497942386	190.10267534345624	122.46913580246914	208.24295010845987
uninfected	233.61316872427983	125.50108459869848	247.96707818930042	150.12002892263195
uninfected	242.17283950617283	143.2711496746204	255.86831275720164	162.89226319595082
uninfected	6.716049382716049	59.048445408532174	18.041152263374485	75.70788141720897
uninfected	20.016460905349795	236.74909616775128	31.604938271604937	252.1127982646421
uninfected	220.18106995884773	104.76934201012293	231.6378600823045	132.1648590021692
uninfected	130.89711934156378	230.2704266088214	149.59670781893004	255.81489515545914
infected	200.42798353909464	178.0708604483008	221.36625514403292	205.09616775126537
uninfected	226.89711934156378	119.76283441793203	243.09465020576133	140.30947216196674
