uninfected	173.6954732510288	6.108459869848156	189.76131687242798	29.43167028199566
uninfected	127.34156378600824	63.67606652205351	143.80246913580248	86.44396240057846
uninfected	117.06995884773663	159.19016630513377	135.76954732510288	183.2537960954447
uninfected	73.7448559670782	111.43311641359364	89.94238683127573	135.6818510484454
uninfected	22.650205761316872	117.35647143890094	38.97942386831276	138.64352856109906
uninfected	171.32510288065845	95.32899493853941	187.78600823045267	118.28199566160521
uninfected	175.27572016460906	38.68691250903832	191.20987654320987	59.418655097613886
uninfected	65.58024691358025	87.18438177874187	82.04115226337449	110.32248734634852
uninfected	39.37448559670782	52.569775849602316	55.96707818930041	71.6355748373102
uninfected	120.88888888888889	137.16268980477224	138.0082304526749	159.37527114967463
uninfected	89.67901234567901	107.73101952277658	108.11522633744856	129.3882863340564
uninfected	185.02057613168725	78.29934924078091	200.69135802469137	99.21619667389733
uninfected	134.0576131687243	124.94577006507592	151.57201646090536	149.93492407809111
uninfected	218.8641975308642	124.02024584237165	236.37860082304528	150.12002892263195
uninfected	12.905349794238683	131.23933477946494	28.444444444444443	151.97107736804048
uninfected	154.6008230452675	68.48879248011569	169.21810699588477	91.99710773680405
uninfected	35.02880658436214	172.8879248011569	54.781893004115226	198.43239334779466
uninfected	124.8395061728395	200.65365148228489	142.74897119341563	226.75343456254518
uninfected	186.73251028806584	2.591467823571945	203.45679012345678	22.767895878524946
uninfected	29.366255144032923	194.73029645697758	44.11522633744856	213.9812002892263
uninfected	97.9753086419753	89.96095444685466	116.41152263374485	112.17353579175705
uninfected	196.34567901234567	5.923355025307303	212.54320987654322	26.46999276934201
uninfected	235.32510288065845	64.78669558929863	248.6255144032922	82.00144613159797
uninfected	23.703703703703702	162.33694866232827	40.2962962962963	193.43456254519162
uninfected	112.72427983539094	211.94504699927694	131.1604938271605	238.60014461315978
uninfected	223.0781893004115	147.52856109906003	239.80246913580248	178.4410701373825
uninfected	99.02880658436214	8.329718004338394	119.96707818930041	34.4295010845987
uninfected	199.11111111111111	37.5762834417932	210.17283950617283	54.23571945046999
uninfected	91.39094650205762	72.37599421547361	109.30041152263375	96.99493853940709
uninfected	197.53086419753086	105.69486623282718	208.8559670781893	146.97324656543745
infected	80.5925925925926	193.80477223427332	101.00411522633745	223.60665220535068
infected	169.4814814814815	61.269703543022416	188.5761316872428	94.40347071583514
uninfected	193.4485596707819	28.135936370209688	209.64609053497944	44.05495300072307
