uninfected	64.79012345679013	25.35936370209689	82.3045267489712	50.348517715112074
uninfected	200.16460905349794	168.81561822125815	218.33744855967078	193.24945770065077
uninfected	197.79423868312756	126.24150397686189	215.30864197530863	152.89660159074475
uninfected	212.0164609053498	158.2646420824295	232.559670781893	181.77295733911785
uninfected	53.465020576131685	42.944323933477946	72.82304526748972	69.96963123644251
uninfected	234.13991769547326	198.6174981923355	251.52263374485597	224.16196673897323
uninfected	97.7119341563786	0.7404193781634129	116.41152263374485	29.24656543745481
uninfected	203.58847736625515	105.50976138828634	222.68312757201647	131.05422993492408
uninfected	152.09876543209876	34.7997107736804	168.8230452674897	60.89949385394071
uninfected	206.74897119341563	90.14605929139552	219.52263374485597	107.91612436731742
uninfected	195.1604938271605	42.944323933477946	214.91358024691357	71.6355748373102
uninfected	71.11111111111111	41.27838033261027	90.20576131687243	69.41431670281996
uninfected	227.02880658436214	78.66955892986262	244.80658436213992	108.84164859002169
uninfected	11.45679012345679	41.46348517715112	31.34156378600823	71.45046999276934
uninfected	181.86008230452674	116.06073752711497	199.90123456790124	149.93492407809111
uninfected	156.8395061728395	115.32031814895156	175.40740740740742	140.4945770065076
uninfected	42.27160493827161	62.19522776572668	61.10288065843621	91.25668835864063
uninfected	224.0	50.71872740419378	244.0164609053498	79.78018799710773
uninfected	95.20987654320987	24.804049168474332	115.35802469135803	48.497469269703544
uninfected	178.5679012345679	49.608098336948665	197.53086419753086	76.44830079537238
uninfected	27.390946502057613	68.67389732465655	45.4320987654321	94.77368040491685
uninfected	161.4485596707819	15.54880694143167	182.78189300411523	41.46348517715112
uninfected	36.8724279835391	37.5762834417932	55.440329218106996	63.49096167751265
uninfected	201.61316872427983	195.8409255242227	218.8641975308642	224.90238611713667
uninfected	88.23045267489712	42.38900939985539	106.79835390946502	71.45046999276934
uninfected	170.0082304526749	35.35502530730297	190.15637860082305	59.78886478669559
uninfected	148.93827160493828	104.58423716558207	171.7201646090535	124.57556037599421
uninfected	10.139917695473251	0.0	29.761316872427983	25.174258857556037
uninfected	24.493827160493826	90.88647866955893	44.641975308641975	115.1352133044107
uninfected	14.353909465020577	97.92046276211136	36.477366255144034	131.23933477946494
uninfected	186.99588477366254	89.0354302241504	207.67078189300412	107.36080983369487
uninfected	2.765432098765432	109.9522776572668	23.57201646090535	140.12436731742588
uninfected	144.59259259259258	73.11641359363702	170.0082304526749	94.77368040491685
uninfected	227.02880658436214	215.83224873463485	247.7037037037037	246.55965292841648
infected	212.0164609053498	178.62617498192336	237.82716049382717	205.09616775126537
infected	78.48559670781893	15.733911785972523	99.02880658436214	48.682574114244396
uninfected	191.47325102880657	188.06652205350687	209.25102880658437	217.68329718004338
uninfected	23.17695473251029	48.497469269703544	46.617283950617285	76.26319595083153
uninfected	8.954732510288066	67.56326825741142	29.62962962962963	99.77151120751988
uninfected	148.93827160493828	56.45697758496023	173.6954732510288	85.33333333333333
uninfected	159.20987654320987	49.608098336948665	181.86008230452674	77.74403470715835
uninfected	143.80246913580248	88.29501084598698	174.6172839506173	109.2118582791034
uninfected	174.09053497942386	110.32248734634852	191.34156378600824	135.3116413593637
uninfected	216.88888888888889	201.0238611713666	237.1687242798354	226.01301518438177
