uninfected	214.12345679012347	201.94938539407087	231.90123456790124	226.75343456254518
uninfected	168.16460905349794	175.84960231381055	186.33744855967078	201.94938539407087
uninfected	75.06172839506173	112.17353579175705	92.3127572016461	136.60737527114966
uninfected	133.00411522633746	8.6999276934201	150.91358024691357	33.31887201735358
uninfected	107.85185185185185	172.1475054229935	126.55144032921811	196.76644974692698
uninfected	35.29218106995885	53.680404916847436	54.91358024691358	79.78018799710773
uninfected	224.0	166.5943600867679	241.119341563786	187.32610267534346
uninfected	217.81069958847738	53.12509038322487	236.77366255144034	79.78018799710773
uninfected	206.35390946502056	111.6182212581345	225.31687242798353	136.79248011569052
uninfected	22.650205761316872	139.93926247288502	40.69135802469136	164.1879971077368
uninfected	142.48559670781893	179.36659436008676	160.2633744855967	203.4302241503977
uninfected	232.42798353909464	90.70137382501808	249.28395061728395	110.87780187997107
uninfected	151.30864197530863	69.96963123644251	170.66666666666666	95.14389009399855
uninfected	183.440329218107	80.52060737527115	204.11522633744855	103.10339840925525
uninfected	160.13168724279836	221.75560375994215	180.14814814814815	244.5234996384671
uninfected	5.662551440329218	188.25162689804773	27.786008230452676	213.05567606652204
uninfected	197.00411522633746	48.497469269703544	216.23045267489712	72.0057845263919
uninfected	66.23868312757202	184.54953000723066	86.91358024691358	209.72378886478668
uninfected	123.25925925925925	63.49096167751265	142.35390946502056	91.07158351409979
uninfected	166.45267489711935	53.12509038322487	183.57201646090536	73.48662328271872
uninfected	96.52674897119341	101.43745480838756	115.09465020576131	128.46276211135213
uninfected	188.0493827160494	206.5770065075922	208.59259259259258	232.86189443239334
uninfected	178.8312757201646	226.56832971800435	197.92592592592592	248.59580621836588
uninfected	113.77777777777777	20.361532899493852	130.23868312757202	44.98047722342733
uninfected	221.49794238683128	77.37382501807664	238.09053497942386	97.36514822848879
uninfected	21.596707818930042	72.93130874909616	37.66255144032922	99.95661605206074
uninfected	43.193415637860085	125.87129428778019	62.55144032921811	151.41576283441793
uninfected	9.74485596707819	125.13087490961678	27.522633744855966	147.89877078814172
uninfected	154.33744855967078	156.59869848156183	174.880658436214	177.51554591467823
uninfected	69.53086419753086	225.45770065075922	89.67901234567901	245.26391901663052
uninfected	71.11111111111111	81.63123644251627	89.67901234567901	106.0650759219089
uninfected	82.04115226337449	29.43167028199566	101.92592592592592	54.05061460592914
uninfected	50.83127572016461	32.20824295010846	69.53086419753086	56.271872740419376
uninfected	107.7201646090535	64.41648590021693	126.15637860082305	83.85249457700651
uninfected	14.353909465020577	4.442516268980477	32.39506172839506	31.838033261026755
uninfected	93.36625514403292	232.3065798987708	110.74897119341564	255.81489515545914
uninfected	146.0411522633745	33.87418655097614	163.9506172839506	57.7527114967462
uninfected	23.17695473251029	177.88575560375995	44.77366255144033	201.57917570498915
uninfected	87.96707818930041	91.25668835864063	99.55555555555556	115.32031814895156
uninfected	189.10288065843622	123.8351409978308	205.56378600823047	146.7881417208966
uninfected	51.22633744855967	196.2111352133044	69.1358024691358	222.31091829356473
uninfected	109.16872427983539	122.72451193058568	131.4238683127572	143.2711496746204
uninfected	202.13991769547326	183.9942154736081	222.02469135802468	207.13232104121474
uninfected	96.26337448559671	74.412147505423	112.72427983539094	101.62255965292842
uninfected	130.76543209876544	231.75126536514824	149.33333333333334	254.33405639913232
uninfected	33.97530864197531	215.2769342010123	49.11934156378601	238.2299349240781
uninfected	109.56378600823045	43.31453362255965	130.23868312757202	65.71221981200289
uninfected	96.65843621399176	40.352856109906	116.01646090534979	68.48879248011569
uninfected	0.0	16.474331164135936	14.748971193415638	41.27838033261027
uninfected	237.9588477366255	20.546637744034708	256.0	39.79754157628344
uninfected	14.353909465020577	112.17353579175705	37.135802469135804	128.647866955893
uninfected	238.22222222222223	128.647866955893	255.86831275720164	150.86044830079538
uninfected	24.625514403292183	160.6710050614606	45.56378600823045	178.62617498192336
uninfected	122.33744855967078	162.52205350686913	140.37860082304528	187.881417208966
uninfected	1.0534979423868314	48.12725958062184	24.23045267489712	66.45263919016631
uninfected	133.26748971193416	50.90383224873464	156.70781893004116	74.04193781634129
infected	34.50205761316872	80.3355025307303	56.757201646090536	108.84164859002169
infected	217.4156378600823	7.219088937093275	244.14814814814815	32.76355748373102
infected	57.1522633744856	168.44540853217643	82.3045267489712	193.80477223427332
uninfected	6.4526748971193415	84.59291395516992	24.757201646090536	110.32248734634852
