uninfected	112.46090534979425	150.86044830079538	128.9218106995885	176.21981200289227
uninfected	91.91769547325103	28.506146059291396	110.35390946502058	49.79320318148952
uninfected	110.88065843621399	31.467823571945047	127.60493827160494	53.49530007230658
uninfected	159.60493827160494	63.120751988430946	178.17283950617283	86.6290672451193
uninfected	157.23456790123456	122.53940708604483	177.25102880658437	145.30730296456977
uninfected	214.91358024691357	106.4352856109906	234.13991769547326	130.68402024584236
uninfected	135.24279835390948	186.03036876355748	152.49382716049382	212.5003615328995
uninfected	44.510288065843625	107.73101952277658	64.79012345679013	129.94360086767895
uninfected	111.53909465020575	89.22053506869125	131.4238683127572	111.06290672451193
uninfected	120.23045267489712	116.98626174981923	139.9835390946502	137.3477946493131
uninfected	132.6090534979424	91.44179320318149	151.96707818930042	113.09906001446132
uninfected	179.09465020576133	179.92190889370931	195.9506172839506	199.91323210412148
uninfected	148.54320987654322	11.291395516992047	165.66255144032922	35.169920462762114
uninfected	96.79012345679013	160.85610990600145	114.04115226337449	188.99204627621114
uninfected	54.91358024691358	75.1525668835864	75.45679012345678	98.4757772957339
uninfected	169.4814814814815	211.20462762111353	184.6255144032922	236.9342010122921
uninfected	95.07818930041152	137.53289949385393	112.32921810699588	158.6348517715112
uninfected	101.53086419753086	219.9045553145336	120.09876543209876	244.1532899493854
uninfected	168.16460905349794	140.8647866955893	188.44444444444446	164.55820679681852
uninfected	133.66255144032922	151.23065798987707	151.04526748971193	176.96023138105568
uninfected	54.91358024691358	166.9645697758496	75.85185185185185	192.3239334779465
uninfected	38.584362139917694	220.08966015907447	57.415637860082306	246.9298626174982
uninfected	184.6255144032922	216.7577729573391	203.9835390946502	242.30224150397686
uninfected	117.33333333333333	176.77512653651482	136.03292181069958	203.61532899493855
uninfected	78.22222222222223	127.16702819956616	96.13168724279835	148.26898047722344
uninfected	128.2633744855967	47.94215473608099	147.7530864197531	72.93130874909616
uninfected	147.35802469135803	176.21981200289227	166.5843621399177	202.8749096167751
uninfected	67.6872427983539	184.91973969631238	86.65020576131687	214.5365148228489
uninfected	94.68312757201646	188.25162689804773	113.38271604938272	216.38756326825742
uninfected	162.10699588477365	104.39913232104121	182.65020576131687	124.39045553145336
uninfected	15.539094650205762	196.9515545914678	35.29218106995885	222.86623282718728
uninfected	111.67078189300412	54.9761388286334	128.9218106995885	78.48445408532176
uninfected	64.79012345679013	55.346348517715114	83.09465020576131	81.0759219088937
uninfected	80.19753086419753	44.610267534345624	98.37037037037037	73.11641359363702
uninfected	164.8724279835391	180.4772234273319	179.7530864197531	209.353579175705
uninfected	31.604938271604937	158.81995661605205	53.59670781893004	182.14316702819957
uninfected	82.43621399176955	224.3470715835141	101.1358024691358	252.48300795372379
uninfected	22.781893004115226	221.01518438177874	40.559670781893004	250.44685466377442
uninfected	223.0781893004115	77.74403470715835	244.2798353909465	102.17787418655098
uninfected	64.13168724279835	109.5820679681851	85.33333333333333	134.75632682574116
uninfected	229.26748971193416	52.38467100506146	250.46913580246914	71.45046999276934
uninfected	19.48971193415638	174.92407809110628	39.76954732510288	199.72812725958062
uninfected	85.20164609053498	108.47143890093999	106.53497942386831	132.72017353579176
uninfected	180.14814814814815	195.65582067968185	204.64197530864197	217.31308749096166
uninfected	69.66255144032922	89.77584960231381	88.88888888888889	114.20968908170643
uninfected	96.39506172839506	48.31236442516269	114.5679012345679	76.81851048445408
uninfected	184.49382716049382	20.73174258857556	207.27572016460906	38.31670281995662
uninfected	138.93004115226339	129.94360086767895	160.9218106995885	153.45191612436733
uninfected	203.19341563786008	84.40780911062907	224.2633744855967	113.09906001446132
uninfected	198.5843621399177	201.0238611713666	219.78600823045267	226.56832971800435
uninfected	154.6008230452675	219.1641359363702	172.11522633744855	243.78308026030368
uninfected	146.8312757201646	77.18872017353578	166.84773662551441	99.77151120751988
uninfected	65.05349794238683	211.01952277657267	84.93827160493827	238.78524945770064
uninfected	50.17283950617284	92.92263195950831	69.26748971193416	114.02458423716558
uninfected	34.50205761316872	197.87707881417208	54.25514403292181	223.05133767172813
uninfected	184.75720164609052	116.80115690527838	207.01234567901236	142.90093998553868
uninfected	74.66666666666667	171.03687635574838	98.37037037037037	196.39624005784526
uninfected	100.8724279835391	127.35213304410702	125.62962962962963	149.93492407809111
uninfected	122.8641975308642	73.48662328271872	146.5679012345679	91.8120028922632
uninfected	232.559670781893	32.023138105567604	255.7366255144033	49.79320318148952
uninfected	45.56378600823045	126.6117136659436	71.50617283950618	144.19667389732464
uninfected	85.59670781893004	89.96095444685466	106.53497942386831	111.43311641359364
uninfected	74.53497942386831	69.78452639190166	98.76543209876543	92.5524222704266
uninfected	62.15637860082305	148.824295010846	83.35802469135803	172.8879248011569
uninfected	55.440329218106996	217.68329718004338	73.21810699588477	243.412870571222
uninfected	52.016460905349795	190.84309472161968	70.18930041152264	219.34924078091106
uninfected	187.3909465020576	97.92046276211136	202.66666666666666	119.02241503976862
uninfected	138.2716049382716	224.7172812725958	163.81893004115227	251.74258857556038
uninfected	111.4074074074074	183.2537960954447	124.57613168724279	213.05567606652204
uninfected	82.5679012345679	153.45191612436733	101.26748971193416	177.14533622559654
uninfected	147.88477366255145	148.08387563268258	167.90123456790124	175.84960231381055
uninfected	104.95473251028807	70.15473608098337	123.52263374485597	91.99710773680405
uninfected	217.679012345679	0.18510484454085321	244.93827160493828	17.029645697758497
uninfected	192.39506172839506	111.43311641359364	214.78189300411523	133.09038322487348
uninfected	233.7448559670782	238.41503976861895	255.60493827160494	256.0
uninfected	71.76954732510288	134.941431670282	96.0	158.81995661605205
infected	83.22633744855968	197.13665943600867	102.45267489711934	225.27259580621836
infected	212.67489711934155	36.095444685466376	237.9588477366255	57.3825018076645
infected	102.5843621399177	101.62255965292842	124.57613168724279	127.90744757772957
infected	37.794238683127574	142.53073029645697	62.81481481481482	168.81561822125815
infected	212.93827160493828	12.587129428778018	237.6954732510288	33.31887201735358
infected	38.97942386831276	179.55169920462762	57.94238683127572	201.76428054953
