uninfected	214.91358024691357	193.98987707881417	232.69135802469137	216.57266811279825
uninfected	152.09876543209876	169.3709327548807	170.13991769547326	195.8409255242227
uninfected	162.89711934156378	136.0520607375271	180.0164609053498	160.6710050614606
uninfected	231.11111111111111	47.75704989154013	249.02057613168725	72.19088937093275
uninfected	200.2962962962963	170.66666666666666	218.07407407407408	194.17498192335503
uninfected	211.7530864197531	146.97324656543745	227.9506172839506	169.18582791033984
uninfected	166.45267489711935	61.63991323210412	184.49382716049382	85.14822848879248
uninfected	224.52674897119343	22.397686189443238	243.22633744855966	46.831525668835866
uninfected	190.02469135802468	217.12798264642083	208.32921810699588	242.117136659436
uninfected	121.28395061728395	177.33044107013737	139.85185185185185	201.57917570498915
uninfected	144.19753086419752	76.07809110629067	163.4238683127572	101.06724511930585
uninfected	124.57613168724279	73.67172812725958	142.880658436214	98.29067245119306
uninfected	101.53086419753086	4.812725958062184	119.96707818930041	27.950831525668836
uninfected	124.04938271604938	44.24005784526392	141.6954732510288	68.8590021691974
uninfected	202.53497942386832	10.92118582791034	220.3127572016461	32.94866232827187
uninfected	35.160493827160494	221.38539407086046	54.38683127572016	245.07881417208966
uninfected	124.18106995884774	16.65943600867679	144.59259259259258	41.093275488069416
uninfected	224.0	160.85610990600145	242.17283950617283	186.77078814172089
uninfected	25.810699588477366	145.49240780911063	44.90534979423868	169.00072306579898
uninfected	139.9835390946502	148.26898047722344	157.62962962962962	172.8879248011569
uninfected	90.8641975308642	116.98626174981923	106.66666666666667	140.8647866955893
uninfected	105.87654320987654	88.48011569052784	121.94238683127573	111.43311641359364
uninfected	58.33744855967078	69.41431670281996	74.79835390946502	92.73752711496746
uninfected	56.757201646090536	179.92190889370931	76.90534979423869	205.28127259580623
uninfected	64.65843621399176	56.64208242950109	84.54320987654322	81.0759219088937
uninfected	136.8230452674897	59.60375994215474	154.07407407407408	80.3355025307303
uninfected	147.09465020576133	132.1648590021692	163.55555555555554	155.67317425885756
uninfected	174.880658436214	225.27259580621836	194.10699588477365	250.63195950831525
uninfected	156.5761316872428	32.94866232827187	175.40740740740742	57.93781634128706
uninfected	106.27160493827161	210.8344179320318	126.94650205761317	237.30441070137383
uninfected	133.00411522633746	95.88430947216197	150.2551440329218	121.98409255242227
uninfected	174.880658436214	169.92624728850325	193.84362139917695	196.58134490238612
uninfected	4.2139917695473255	62.38033261026754	23.967078189300413	88.10990600144613
uninfected	11.193415637860083	45.9060014461316	30.551440329218106	69.78452639190166
uninfected	80.72427983539094	220.83007953723788	100.74074074074075	250.44685466377442
uninfected	14.353909465020577	107.54591467823572	34.10699588477366	132.72017353579176
uninfected	27.786008230452676	120.50325379609545	48.98765432098765	146.23282718727404
uninfected	87.04526748971193	38.50180766449747	106.66666666666667	62.38033261026754
uninfected	120.75720164609054	133.09038322487348	141.82716049382717	157.70932754880695
uninfected	35.02880658436214	52.01446131597975	53.465020576131685	77.37382501807664
uninfected	60.97119341563786	91.25668835864063	80.5925925925926	113.46926970354302
uninfected	24.098765432098766	88.85032537960954	43.58847736625514	110.87780187997107
uninfected	107.45679012345678	123.65003615328995	126.41975308641975	147.1583514099783
uninfected	148.67489711934155	98.66088214027477	169.21810699588477	127.72234273318873
uninfected	93.89300411522633	24.06362979031092	112.06584362139918	46.831525668835866
uninfected	20.938271604938272	229.530007230658	38.97942386831276	255.81489515545914
uninfected	21.333333333333332	196.02603036876357	43.06172839506173	224.3470715835141
uninfected	33.58024691358025	66.82284887924801	51.489711934156375	88.29501084598698
uninfected	121.4156378600823	153.63702096890816	141.6954732510288	176.77512653651482
uninfected	213.20164609053498	223.05133767172813	230.18930041152262	247.3000723065799
uninfected	104.16460905349794	62.19522776572668	126.2880658436214	86.07375271149675
uninfected	98.50205761316873	231.56616052060738	118.65020576131687	255.81489515545914
uninfected	212.2798353909465	227.49385394070862	237.9588477366255	252.29790310918293
infected	65.7119341563786	109.39696312364426	88.09876543209876	137.7180043383948
infected	39.37448559670782	189.9175704989154	61.23456790123457	219.1641359363702
infected	64.39506172839506	33.31887201735358	87.96707818930041	57.93781634128706
