uninfected	33.053497942386834	228.41937816341286	54.650205761316876	253.9638467100506
uninfected	125.49794238683127	99.21619667389733	143.93415637860082	123.8351409978308
uninfected	43.983539094650205	33.50397686189443	62.288065843621396	58.308026030368765
uninfected	127.60493827160494	68.8590021691974	145.64609053497944	93.10773680404917
uninfected	110.88065843621399	97.92046276211136	127.34156378600824	120.13304410701373
uninfected	200.42798353909464	231.0108459869848	218.46913580246914	253.9638467100506
uninfected	117.59670781893004	177.88575560375995	136.8230452674897	203.4302241503977
uninfected	96.65843621399176	130.86912509038322	115.62139917695474	154.93275488069415
uninfected	72.559670781893	136.23716558206797	91.39094650205762	161.78163412870572
uninfected	222.02469135802468	23.878524945770064	241.51440329218107	45.53579175704989
uninfected	147.88477366255145	180.10701373825017	167.3744855967078	204.54085321764282
uninfected	22.255144032921812	68.48879248011569	41.876543209876544	92.5524222704266
uninfected	215.83539094650206	125.68618944323933	233.4814814814815	150.86044830079538
uninfected	142.6172839506173	159.56037599421546	162.37037037037038	182.88358640636298
uninfected	50.30452674897119	9.625451916124367	69.53086419753086	35.91033984092552
uninfected	16.855967078189302	100.5119305856833	32.79012345679013	128.27765726681127
uninfected	132.74074074074073	0.5553145336225597	151.96707818930042	24.433839479392624
uninfected	225.05349794238683	47.01663051337672	244.2798353909465	67.56326825741142
uninfected	78.35390946502058	185.84526391901662	98.37037037037037	212.31525668835863
uninfected	144.19753086419752	112.91395516992046	161.31687242798353	134.20101229211858
uninfected	219.25925925925927	65.34201012292118	240.72427983539094	86.07375271149675
uninfected	177.25102880658437	219.1641359363702	197.79423868312756	240.63629790310918
uninfected	132.34567901234567	146.7881417208966	152.75720164609052	169.92624728850325
uninfected	234.13991769547326	179.36659436008676	254.02469135802468	205.46637744034706
uninfected	9.876543209876543	73.67172812725958	23.703703703703702	99.03109182935647
uninfected	65.18518518518519	111.6182212581345	84.93827160493827	135.12653651482285
uninfected	110.61728395061728	117.17136659436008	131.55555555555554	142.34562545191613
uninfected	206.6172839506173	99.58640636297903	227.02880658436214	122.90961677512654
uninfected	206.48559670781893	137.90310918293565	221.76131687242798	162.89226319595082
uninfected	175.93415637860082	35.54013015184382	196.8724279835391	57.01229211858279
uninfected	53.20164609053498	172.8879248011569	74.53497942386831	194.73029645697758
uninfected	45.03703703703704	119.39262472885032	66.23868312757202	143.08604483007954
uninfected	92.44444444444444	105.69486623282718	111.1440329218107	129.57339117859726
uninfected	2.633744855967078	161.411424439624	21.46502057613169	188.99204627621114
uninfected	14.48559670781893	169.55603759942156	32.39506172839506	192.6941431670282
uninfected	230.45267489711935	211.20462762111353	251.52263374485597	237.67462039045554
uninfected	113.25102880658436	203.98553868402024	132.8724279835391	229.34490238611713
uninfected	2.1069958847736627	130.1287057122198	22.386831275720166	147.1583514099783
uninfected	209.64609053497944	193.0643528561099	233.4814814814815	217.49819233550252
uninfected	22.91358024691358	132.90527838033262	42.13991769547325	152.52639190166306
uninfected	29.62962962962963	172.33261026753433	49.64609053497942	191.21330441070137
uninfected	181.46502057613168	11.291395516992047	202.40329218106996	36.65075921908894
uninfected	116.80658436213992	22.212581344902386	139.7201646090535	45.35068691250904
uninfected	33.58024691358025	1.665943600867679	54.123456790123456	26.655097613882862
infected	38.32098765432099	70.89515545914678	61.49794238683128	96.06941431670282
infected	54.91358024691358	138.82863340563992	74.53497942386831	170.29645697758497
infected	222.5514403292181	89.59074475777295	246.38683127572017	116.06073752711497
infected	16.855967078189302	145.49240780911063	37.135802469135804	172.70281995661605
infected	81.51440329218107	154.00723065798988	106.13991769547324	183.2537960954447
