uninfected	110.35390946502058	151.6008676789588	126.0246913580247	175.294287780188
uninfected	97.7119341563786	195.8409255242227	115.09465020576131	219.53434562545192
uninfected	160.52674897119343	42.01879971077368	180.80658436213992	65.71221981200289
uninfected	8.691358024691358	120.13304410701373	22.91358024691358	139.38394793926247
uninfected	100.60905349794238	64.23138105567607	120.49382716049382	87.36948662328273
uninfected	92.70781893004116	174.5538684020246	109.30041152263375	195.1005061460593
uninfected	83.48971193415638	128.46276211135213	101.00411522633745	154.19233550253074
uninfected	57.1522633744856	104.58423716558207	74.93004115226337	129.3882863340564
uninfected	61.629629629629626	129.3882863340564	78.61728395061728	155.85827910339842
uninfected	163.02880658436214	64.78669558929863	182.91358024691357	85.70354302241503
uninfected	153.15226337448559	123.65003615328995	169.08641975308643	146.4179320318149
uninfected	18.17283950617284	101.25234996384671	36.609053497942384	122.16919739696313
uninfected	63.07818930041152	188.62183658712942	82.69958847736625	215.83224873463485
uninfected	132.47736625514403	228.97469269703544	151.04526748971193	249.15112075198843
uninfected	131.29218106995884	141.234996384671	148.93827160493828	161.22631959508314
uninfected	121.67901234567901	63.67606652205351	139.9835390946502	87.55459146782357
uninfected	35.68724279835391	90.88647866955893	55.04526748971193	111.80332610267534
uninfected	76.24691358024691	201.0238611713666	95.60493827160494	225.27259580621836
uninfected	118.65020576131687	16.65943600867679	137.61316872427983	40.352856109906
uninfected	32.0	188.99204627621114	50.17283950617284	215.2769342010123
uninfected	20.016460905349795	158.44974692697036	41.349794238683124	183.2537960954447
uninfected	101.00411522633745	109.39696312364426	120.75720164609054	132.90527838033262
uninfected	23.308641975308642	174.18365871294287	45.69547325102881	198.2472885032538
uninfected	137.4814814814815	12.402024584237166	156.70781893004116	40.16775126536515
uninfected	76.11522633744856	0.0	92.70781893004116	26.655097613882862
uninfected	128.13168724279836	37.2060737527115	148.41152263374485	65.71221981200289
uninfected	91.39094650205762	1.4808387563268257	111.1440329218107	26.655097613882862
uninfected	16.06584362139918	137.7180043383948	31.473251028806583	162.1518438177874
uninfected	1.9753086419753085	160.85610990600145	20.14814814814815	188.06652205350687
uninfected	90.33744855967078	150.3051337671728	110.35390946502058	174.18365871294287
uninfected	41.74485596707819	162.89226319595082	58.99588477366255	191.76861894432395
uninfected	139.19341563786008	65.52711496746204	159.34156378600824	93.47794649313087
uninfected	179.35802469135803	12.03181489515546	197.92592592592592	38.50180766449747
uninfected	52.016460905349795	148.45408532176427	70.05761316872427	171.77729573391179
uninfected	110.09053497942386	82.00144613159797	130.63374485596708	107.91612436731742
uninfected	147.09465020576133	54.23571945046999	163.81893004115227	77.00361532899494
uninfected	64.0	216.0173535791757	85.06995884773663	240.82140274765004
uninfected	48.32921810699588	16.844540853217644	68.21399176954732	44.42516268980477
uninfected	23.967078189300413	120.31814895155459	45.03703703703704	143.08604483007954
uninfected	135.6378600823045	199.72812725958062	155.65432098765433	223.42154736080983
uninfected	130.10699588477365	85.70354302241503	152.23045267489712	110.87780187997107
uninfected	146.43621399176953	27.950831525668836	167.76954732510288	55.53145336225597
uninfected	104.69135802469135	48.31236442516269	130.10699588477365	69.41431670281996
uninfected	150.91358024691357	0.0	170.40329218106996	27.210412147505423
uninfected	93.10288065843622	14.067968185104844	120.36213991769547	41.27838033261027
uninfected	106.27160493827161	212.1301518438178	131.55555555555554	237.67462039045554
uninfected	42.79835390946502	131.97975415762835	63.34156378600823	152.15618221258134
infected	163.02880658436214	18.695589298626174	185.679012345679	46.2762111352133
infected	31.209876543209877	140.67968185104846	50.041152263374485	163.8177874186551
infected	99.42386831275721	31.09761388286334	128.65843621399176	57.01229211858279
infected	36.21399176954733	109.2118582791034	60.5761316872428	133.09038322487348
