uninfected	23.308641975308642	98.1055676066522	41.61316872427984	122.53940708604483
uninfected	53.333333333333336	201.0238611713666	71.24279835390946	223.236442516269
uninfected	229.79423868312756	218.23861171366593	248.09876543209876	241.7469269703543
uninfected	202.13991769547326	17.584960231381057	218.73251028806584	41.46348517715112
uninfected	9.74485596707819	196.9515545914678	25.415637860082306	220.27476500361533
uninfected	94.0246913580247	196.02603036876357	112.06584362139918	220.83007953723788
uninfected	217.9423868312757	3.331887201735358	236.77366255144034	31.467823571945047
uninfected	110.09053497942386	174.5538684020246	128.13168724279836	199.91323210412148
uninfected	135.76954732510288	199.72812725958062	153.02057613168725	222.68112798264642
uninfected	1.7119341563786008	222.31091829356473	21.333333333333332	245.26391901663052
uninfected	4.872427983539095	7.404193781634128	22.255144032921812	29.98698481561822
uninfected	139.85185185185185	115.32031814895156	157.89300411522635	139.93926247288502
uninfected	71.24279835390946	31.282718727404195	89.4156378600823	55.71655820679682
uninfected	193.97530864197532	78.48445408532176	213.7283950617284	102.54808387563268
uninfected	134.5843621399177	81.26102675343456	149.9917695473251	107.91612436731742
uninfected	94.0246913580247	158.6348517715112	112.8559670781893	182.69848156182212
uninfected	74.79835390946502	214.90672451193058	94.55144032921811	239.34056399132322
uninfected	120.09876543209876	207.3174258857556	139.85185185185185	232.49168474331165
uninfected	122.07407407407408	133.2754880694143	134.84773662551441	154.56254519161243
uninfected	130.76543209876544	47.01663051337672	146.43621399176953	67.37816341287058
uninfected	157.23456790123456	160.48590021691973	172.64197530864197	180.84743311641358
uninfected	24.23045267489712	198.43239334779466	40.69135802469136	227.30874909616776
uninfected	231.90123456790124	110.50759219088937	251.91769547325103	133.46059291395517
uninfected	186.33744855967078	8.6999276934201	203.19341563786008	33.133767172812725
uninfected	191.86831275720164	201.76428054953	209.90946502057614	230.2704266088214
uninfected	1.316872427983539	49.97830802603037	17.25102880658436	72.19088937093275
uninfected	226.76543209876544	128.647866955893	245.06995884773661	148.45408532176427
uninfected	101.79423868312757	61.63991323210412	113.90946502057614	77.74403470715835
uninfected	147.09465020576133	33.87418655097614	160.39506172839506	51.64425162689805
uninfected	71.11111111111111	190.84309472161968	85.86008230452676	212.68546637744035
uninfected	86.12345679012346	44.795372378886476	96.79012345679013	63.86117136659436
uninfected	175.1440329218107	17.95516992046276	192.9218106995885	37.5762834417932
uninfected	241.3827160493827	87.92480115690527	255.86831275720164	110.69269703543023
infected	32.92181069958848	148.824295010846	52.93827160493827	178.81127982646422
infected	78.09053497942386	137.90310918293565	95.34156378600824	163.63268257411426
uninfected	99.55555555555556	94.77368040491685	117.33333333333333	113.46926970354302
