uninfected	204.64197530864197	98.1055676066522	220.70781893004116	121.24367317425886
uninfected	7.637860082304527	211.57483731019522	24.23045267489712	233.97252349963847
uninfected	11.45679012345679	165.48373101952276	29.102880658436213	188.80694143167028
uninfected	61.36625514403292	93.66305133767173	77.6954732510288	116.98626174981923
uninfected	49.11934156378601	164.92841648590021	67.95061728395062	189.177151120752
uninfected	117.86008230452676	164.92841648590021	134.320987654321	186.77078814172089
uninfected	209.51440329218107	55.90166305133767	226.50205761316872	79.03976861894432
uninfected	137.34979423868313	31.838033261026755	154.8641975308642	59.60375994215474
uninfected	201.61316872427983	35.91033984092552	217.81069958847738	57.3825018076645
uninfected	203.85185185185185	148.08387563268258	221.89300411522635	172.70281995661605
uninfected	221.89300411522635	131.60954446854663	239.01234567901236	159.0050614605929
uninfected	80.5925925925926	14.067968185104844	97.9753086419753	37.94649313087491
uninfected	96.39506172839506	75.5227765726681	112.32921810699588	98.84598698481562
uninfected	105.7448559670782	114.95010845986985	118.78189300411523	131.97975415762835
uninfected	53.333333333333336	225.45770065075922	70.45267489711934	244.33839479392626
uninfected	151.30864197530863	197.69197396963125	167.3744855967078	219.1641359363702
uninfected	193.7119341563786	86.2588575560376	209.25102880658437	107.54591467823572
uninfected	180.93827160493828	232.12147505422993	193.84362139917695	251.18727404193783
uninfected	175.93415637860082	55.90166305133767	193.1851851851852	77.5589298626175
uninfected	223.34156378600824	23.878524945770064	238.6172839506173	44.42516268980477
uninfected	159.7366255144033	106.99060014461315	171.9835390946502	126.9819233550253
uninfected	171.9835390946502	100.32682574114244	190.15637860082305	127.90744757772957
uninfected	76.51028806584362	113.09906001446132	94.55144032921811	140.4945770065076
uninfected	12.641975308641975	94.21836587129428	31.604938271604937	118.83731019522777
uninfected	207.93415637860082	22.212581344902386	224.9218106995885	42.944323933477946
uninfected	93.10288065843622	126.42660882140275	106.53497942386831	143.45625451916123
uninfected	171.32510288065845	203.98553868402024	189.23456790123456	221.2002892263196
uninfected	121.67901234567901	138.82863340563992	134.0576131687243	155.117859725235
uninfected	26.20576131687243	228.78958785249458	39.37448559670782	247.11496746203903
uninfected	211.88477366255145	6.848879248011569	227.55555555555554	28.506146059291396
uninfected	229.3991769547325	224.7172812725958	247.96707818930042	245.63412870571221
uninfected	0.26337448559670784	124.39045553145336	15.1440329218107	139.7541576283442
uninfected	228.21399176954733	155.30296456977584	243.09465020576133	177.14533622559654
uninfected	210.0411522633745	234.34273318872016	228.47736625514403	255.81489515545914
uninfected	102.45267489711934	136.79248011569052	114.69958847736625	153.0817064352856
uninfected	0.0	234.89804772234274	14.353909465020577	253.5936370209689
uninfected	141.82716049382717	225.64280549530008	153.28395061728395	241.93203181489517
infected	108.51028806584362	93.66305133767173	126.55144032921811	113.46926970354302
