uninfected	119.440329218107	41.27838033261027	136.69135802469137	66.63774403470715
uninfected	7.901234567901234	39.982646420824295	25.152263374485596	65.71221981200289
uninfected	27.390946502057613	6.293564714389009	43.851851851851855	30.172089660159074
uninfected	101.1358024691358	230.08532176428054	120.09876543209876	252.8532176428055
uninfected	119.30864197530865	17.77006507592191	138.40329218106996	41.27838033261027
uninfected	61.36625514403292	101.06724511930585	80.5925925925926	125.31597975415762
uninfected	176.19753086419752	124.94577006507592	194.37037037037038	149.37960954446854
uninfected	110.09053497942386	66.45263919016631	129.97530864197532	91.8120028922632
uninfected	213.20164609053498	178.99638467100507	231.6378600823045	202.50469992769342
uninfected	232.69135802469137	25.91467823571945	250.8641975308642	50.348517715112074
uninfected	222.8148148148148	211.94504699927694	242.0411522633745	237.67462039045554
uninfected	30.2880658436214	88.66522053506868	47.934156378600825	113.46926970354302
uninfected	161.4485596707819	80.15039768618945	180.41152263374485	105.69486623282718
uninfected	76.77366255144032	147.71366594360086	95.47325102880659	171.77729573391179
uninfected	158.41975308641975	123.8351409978308	176.59259259259258	149.5647143890094
uninfected	133.1358024691358	221.38539407086046	150.12345679012347	243.412870571222
uninfected	142.48559670781893	129.01807664497468	159.60493827160494	153.45191612436733
uninfected	124.04938271604938	199.35791757049893	142.09053497942386	223.79175704989154
uninfected	161.1851851851852	173.998553868402	180.14814814814815	199.54302241503976
uninfected	136.03292181069958	51.08893709327549	155.78600823045267	76.26319595083153
uninfected	141.30041152263374	30.172089660159074	159.7366255144033	49.97830802603037
uninfected	194.89711934156378	223.60665220535068	213.46502057613168	251.00216919739697
uninfected	53.333333333333336	137.53289949385393	72.82304526748972	162.70715835141
uninfected	73.34979423868313	170.29645697758497	92.44444444444444	195.65582067968185
uninfected	109.16872427983539	159.56037599421546	128.13168724279836	185.1048445408532
uninfected	17.25102880658436	69.96963123644251	36.08230452674897	93.10773680404917
uninfected	130.89711934156378	90.14605929139552	149.20164609053498	116.24584237165583
uninfected	197.1358024691358	52.01446131597975	216.49382716049382	76.63340563991324
uninfected	150.2551440329218	184.17932031814894	168.16460905349794	206.39190166305133
uninfected	189.76131687242798	188.06652205350687	207.27572016460906	214.90672451193058
uninfected	141.82716049382717	231.56616052060738	160.2633744855967	251.92769342010124
uninfected	218.46913580246914	113.28416485900217	235.7201646090535	136.60737527114966
uninfected	233.87654320987653	111.6182212581345	254.2880658436214	136.79248011569052
uninfected	122.99588477366255	117.17136659436008	143.27572016460906	143.08604483007954
uninfected	146.17283950617283	201.3940708604483	161.84362139917695	225.8279103398409
uninfected	233.08641975308643	132.1648590021692	254.8148148148148	158.6348517715112
uninfected	1.0534979423868314	155.30296456977584	20.411522633744855	183.2537960954447
uninfected	80.72427983539094	58.86334056399132	99.02880658436214	88.48011569052784
uninfected	172.77366255144034	193.61966738973246	194.23868312757202	222.12581344902387
uninfected	24.625514403292183	45.16558206796819	42.534979423868315	71.45046999276934
uninfected	87.440329218107	47.75704989154013	106.0082304526749	64.04627621113521
uninfected	72.16460905349794	74.96746203904556	85.20164609053498	92.73752711496746
uninfected	220.3127572016461	235.823571945047	233.87654320987653	254.70426608821404
infected	140.77366255144034	6.108459869848156	160.65843621399176	29.80187997107737
infected	159.60493827160494	205.09616775126537	180.54320987654322	237.30441070137383
infected	176.46090534979425	221.75560375994215	196.74074074074073	243.78308026030368
infected	50.041152263374485	66.26753434562545	76.37860082304526	88.29501084598698
