uninfected	92.57613168724279	122.16919739696313	110.74897119341564	142.53073029645697
uninfected	5.135802469135802	194.73029645697758	20.54320987654321	216.38756326825742
uninfected	114.5679012345679	20.361532899493852	130.10699588477365	43.31453362255965
uninfected	102.05761316872427	1.4808387563268257	120.49382716049382	26.46999276934201
uninfected	16.06584362139918	182.14316702819957	33.84362139917695	206.5770065075922
uninfected	124.97119341563786	63.120751988430946	143.53909465020575	86.44396240057846
uninfected	42.40329218106996	143.82646420824295	59.78600823045267	168.6305133767173
uninfected	124.97119341563786	132.5350686912509	144.59259259259258	156.59869848156183
uninfected	41.349794238683124	99.77151120751988	56.36213991769547	122.72451193058568
uninfected	21.728395061728396	205.65148228488792	39.76954732510288	228.23427331887203
uninfected	137.21810699588477	147.1583514099783	155.52263374485597	173.2581344902386
uninfected	54.123456790123456	111.6182212581345	70.71604938271605	134.5712219812003
uninfected	55.30864197530864	131.05422993492408	73.61316872427983	156.41359363702097
uninfected	173.1687242798354	12.772234273318873	192.0	36.65075921908894
uninfected	20.279835390946502	32.57845263919017	37.925925925925924	57.197396963123644
uninfected	47.934156378600825	203.61532899493855	60.5761316872428	223.236442516269
uninfected	64.79012345679013	180.66232827187275	85.46502057613169	203.4302241503977
uninfected	21.86008230452675	9.070137382501807	43.7201646090535	34.244396240057846
uninfected	130.23868312757202	44.42516268980477	144.72427983539094	66.0824295010846
uninfected	115.75308641975309	78.29934924078091	132.6090534979424	96.43962400578452
uninfected	35.55555555555556	25.544468546637745	52.806584362139915	51.8293564714389
uninfected	107.7201646090535	210.0939985538684	121.94238683127573	230.2704266088214
uninfected	68.21399176954732	135.49674620390456	88.49382716049382	159.93058568329718
uninfected	26.732510288065843	153.45191612436733	45.82716049382716	176.77512653651482
uninfected	141.56378600823047	8.144613159797542	160.0	31.09761388286334
uninfected	137.87654320987653	25.174258857556037	157.76131687242798	49.42299349240781
uninfected	160.2633744855967	56.64208242950109	178.96296296296296	78.85466377440348
uninfected	76.11522633744856	57.197396963123644	92.3127572016461	82.37165582067968
uninfected	153.81069958847738	34.7997107736804	172.64197530864197	57.7527114967462
uninfected	138.40329218106996	172.70281995661605	155.1275720164609	191.5835140997831
uninfected	96.13168724279835	69.96963123644251	117.33333333333333	91.62689804772235
uninfected	75.85185185185185	198.2472885032538	90.33744855967078	228.04916847433117
uninfected	187.3909465020576	2.2212581344902387	206.09053497942386	25.729573391178597
uninfected	121.1522633744856	221.5704989154013	145.3827160493827	241.3767172812726
uninfected	82.96296296296296	34.4295010845987	94.81481481481481	54.420824295010846
uninfected	55.7037037037037	223.9768618944324	74.79835390946502	246.55965292841648
uninfected	149.33333333333334	71.45046999276934	166.84773662551441	93.84815618221258
uninfected	6.4526748971193415	215.2769342010123	26.337448559670783	238.60014461315978
uninfected	22.91358024691358	226.3832248734635	39.37448559670782	251.37237888647866
uninfected	29.366255144032923	60.529284164859	49.11934156378601	83.29718004338395
uninfected	70.71604938271605	42.944323933477946	83.75308641975309	64.41648590021693
uninfected	102.32098765432099	99.40130151843817	122.33744855967078	122.16919739696313
uninfected	116.01646090534979	137.3477946493131	127.60493827160494	168.0751988430947
uninfected	58.60082304526749	155.67317425885756	83.09465020576131	173.998553868402
uninfected	76.90534979423869	165.29862617498193	92.18106995884774	192.87924801156905
uninfected	86.12345679012346	175.47939262472886	101.00411522633745	196.2111352133044
uninfected	73.08641975308642	14.99349240780911	91.91769547325103	34.984815618221255
uninfected	91.78600823045268	194.91540130151844	109.56378600823045	215.83224873463485
uninfected	161.31687242798353	0.0	177.77777777777777	26.284887924801158
uninfected	97.44855967078189	225.27259580621836	118.12345679012346	247.11496746203903
uninfected	86.65020576131687	52.93998553868402	105.7448559670782	80.15039768618945
uninfected	121.1522633744856	153.26681127982647	139.7201646090535	179.1814895155459
uninfected	76.90534979423869	220.27476500361533	98.89711934156378	242.117136659436
uninfected	138.79835390946502	115.87563268257412	160.0	138.0882140274765
uninfected	119.57201646090535	177.51554591467823	140.5102880658436	198.6174981923355
uninfected	108.77366255144032	188.43673174258856	123.1275720164609	211.75994215473608
uninfected	86.91358024691358	207.50253073029646	108.64197530864197	230.2704266088214
uninfected	49.90946502057613	15.178597252349963	69.00411522633745	42.20390455531454
uninfected	122.20576131687243	199.35791757049893	142.48559670781893	222.31091829356473
uninfected	111.67078189300412	166.03904555314534	126.0246913580247	188.80694143167028
uninfected	3.5555555555555554	232.49168474331165	24.23045267489712	253.77874186550977
