uninfected	139.32510288065845	110.50759219088937	156.44444444444446	134.941431670282
uninfected	127.73662551440329	120.6883586406363	144.46090534979425	145.86261749819232
uninfected	131.29218106995884	187.51120751988432	149.86008230452674	212.5003615328995
uninfected	118.78189300411523	163.07736804049168	137.34979423868313	191.76861894432395
uninfected	224.2633744855967	13.697758496023138	243.7530864197531	36.83586406362979
uninfected	9.876543209876543	88.10990600144613	28.839506172839506	112.72885032537961
uninfected	50.5679012345679	125.68618944323933	69.92592592592592	149.5647143890094
uninfected	165.79423868312756	198.80260303687635	185.02057613168725	221.940708604483
uninfected	195.02880658436214	52.199566160520604	213.86008230452674	79.40997830802603
uninfected	206.74897119341563	71.6355748373102	224.9218106995885	96.06941431670282
uninfected	67.95061728395062	117.35647143890094	85.86008230452676	146.60303687635576
uninfected	222.8148148148148	65.34201012292118	241.77777777777777	90.33116413593638
uninfected	42.27160493827161	171.77729573391179	63.20987654320987	195.65582067968185
uninfected	29.893004115226336	126.9819233550253	49.90946502057613	152.52639190166306
uninfected	54.91358024691358	228.23427331887203	76.11522633744856	251.18727404193783
uninfected	217.15226337448559	107.17570498915401	235.45679012345678	131.97975415762835
uninfected	153.679012345679	159.56037599421546	170.93004115226339	185.28994938539407
uninfected	162.37037037037038	73.85683297180043	182.12345679012347	99.95661605206074
uninfected	43.851851851851855	108.47143890093999	59.25925925925926	132.5350686912509
uninfected	152.49382716049382	95.51409978308025	170.93004115226339	121.61388286334056
uninfected	201.34979423868313	93.10773680404917	221.76131687242798	120.31814895155459
uninfected	82.96296296296296	111.06290672451193	102.18930041152264	136.42227042660883
uninfected	209.64609053497944	40.352856109906	225.84362139917695	73.48662328271872
uninfected	15.934156378600823	113.65437454808388	33.44855967078189	136.23716558206797
uninfected	124.18106995884774	142.90093998553868	143.53909465020575	169.00072306579898
uninfected	106.40329218106996	173.44323933477946	123.65432098765432	197.87707881417208
uninfected	88.75720164609054	170.1113521330441	108.77366255144032	195.28561099060013
uninfected	40.95473251028807	197.13665943600867	57.02057613168724	224.90238611713667
uninfected	107.32510288065843	218.0535068691251	125.62962962962963	240.63629790310918
uninfected	67.55555555555556	145.1221981200289	87.57201646090535	169.92624728850325
uninfected	183.7037037037037	103.6587129428778	203.85185185185185	131.23933477946494
uninfected	222.94650205761317	37.39117859725235	243.09465020576133	64.23138105567607
uninfected	56.23045267489712	208.61315979754158	78.61728395061728	230.82574114244397
uninfected	220.3127572016461	87.92480115690527	239.40740740740742	108.84164859002169
uninfected	103.37448559670781	149.93492407809111	124.04938271604938	174.36876355748373
uninfected	187.78600823045267	203.98553868402024	205.9588477366255	223.79175704989154
uninfected	184.75720164609052	226.3832248734635	201.87654320987653	247.85538684020247
uninfected	101.66255144032922	106.0650759219089	122.07407407407408	135.49674620390456
uninfected	188.3127572016461	170.29645697758497	207.27572016460906	191.21330441070137
uninfected	27.91769547325103	99.95661605206074	45.82716049382716	126.79681851048446
uninfected	130.37037037037038	83.85249457700651	148.14814814814815	111.43311641359364
uninfected	195.02880658436214	30.357194504699926	211.22633744855966	49.79320318148952
uninfected	29.366255144032923	151.78597252349965	48.32921810699588	180.4772234273319
uninfected	176.06584362139918	55.346348517715114	195.81893004115227	81.81634128705713
uninfected	148.14814814814815	130.49891540130153	164.21399176954733	159.93058568329718
uninfected	226.89711934156378	117.17136659436008	245.20164609053498	141.97541576283442
uninfected	208.06584362139918	168.26030368763557	228.34567901234567	190.47288503253796
uninfected	234.53497942386832	202.50469992769342	254.5514403292181	228.97469269703544
uninfected	121.1522633744856	213.05567606652204	141.1687242798354	234.34273318872016
uninfected	143.67078189300412	76.44830079537238	163.55555555555554	103.47360809833695
uninfected	85.33333333333333	150.3051337671728	104.69135802469135	174.73897324656545
uninfected	125.89300411522633	231.93637020968907	150.2551440329218	251.74258857556038
uninfected	220.70781893004116	210.27910339840926	240.19753086419752	237.85972523499638
uninfected	232.95473251028807	182.69848156182212	255.0781893004115	203.06001446131597
uninfected	114.5679012345679	94.77368040491685	136.8230452674897	120.50325379609545
uninfected	197.92592592592592	216.20245842371656	220.18106995884773	243.04266088214027
uninfected	70.5843621399177	223.60665220535068	92.44444444444444	246.55965292841648
uninfected	186.6008230452675	129.3882863340564	202.2716049382716	150.12002892263195
uninfected	115.22633744855968	123.65003615328995	131.4238683127572	152.15618221258134
uninfected	50.83127572016461	102.36297903109183	71.37448559670781	121.61388286334056
uninfected	225.7119341563786	158.81995661605205	242.3045267489712	189.177151120752
uninfected	170.79835390946502	161.96673897324658	192.65843621399176	184.3644251626898
uninfected	98.10699588477367	191.21330441070137	121.67901234567901	220.64497469269705
uninfected	166.71604938271605	221.01518438177874	185.54732510288065	247.6702819956616
uninfected	74.79835390946502	162.70715835141	92.57613168724279	188.99204627621114
uninfected	162.76543209876544	134.38611713665944	177.51440329218107	165.48373101952276
uninfected	200.42798353909464	120.13304410701373	219.91769547325103	142.53073029645697
uninfected	49.90946502057613	163.07736804049168	79.01234567901234	185.47505422993493
uninfected	135.50617283950618	165.11352133044107	154.6008230452675	191.21330441070137
uninfected	87.96707818930041	225.27259580621836	111.4074074074074	245.07881417208966
uninfected	44.24691358024691	145.30730296456977	69.39917695473251	166.9645697758496
uninfected	96.65843621399176	123.27982646420824	117.9917695473251	152.7114967462039
uninfected	213.20164609053498	235.0831525668836	237.30041152263374	256.0
uninfected	176.19753086419752	146.7881417208966	193.84362139917695	166.2241503976862
uninfected	51.75308641975309	185.84526391901662	82.04115226337449	215.83224873463485
uninfected	76.11522633744856	200.46854663774403	95.20987654320987	228.23427331887203
uninfected	191.7366255144033	78.48445408532176	211.35802469135803	105.69486623282718
uninfected	182.2551440329218	187.69631236442515	204.77366255144034	210.64931308749095
uninfected	207.93415637860082	13.512653651482285	227.1604938271605	40.908170643528564
uninfected	194.23868312757202	150.86044830079538	213.7283950617284	177.14533622559654
uninfected	89.81069958847736	200.09833694866234	111.53909465020575	224.7172812725958
uninfected	170.40329218106996	116.61605206073753	186.8641975308642	150.67534345625452
uninfected	220.5761316872428	133.2754880694143	241.3827160493827	159.93058568329718
uninfected	168.2962962962963	92.5524222704266	186.46913580246914	122.72451193058568
uninfected	156.18106995884773	115.1352133044107	176.06584362139918	138.0882140274765
uninfected	218.07407407407408	186.58568329718005	233.87654320987653	210.46420824295012
infected	113.90946502057614	188.62183658712942	133.92592592592592	216.7577729573391
infected	177.25102880658437	81.44613159797541	198.320987654321	110.32248734634852
uninfected	161.05349794238683	176.77512653651482	185.4156378600823	201.3940708604483
uninfected	142.48559670781893	212.31525668835863	160.52674897119343	237.48951554591468
uninfected	232.2962962962963	86.44396240057846	249.54732510288065	120.6883586406363
uninfected	197.26748971193416	188.06652205350687	219.91769547325103	209.72378886478668
uninfected	205.30041152263374	203.98553868402024	226.10699588477365	224.53217642805495
uninfected	77.16872427983539	174.36876355748373	96.92181069958848	205.46637744034706
uninfected	84.14814814814815	133.8308026030369	107.32510288065843	153.26681127982647
uninfected	139.9835390946502	137.3477946493131	158.94650205761317	168.0751988430947
uninfected	199.6378600823045	139.1988430947216	222.2880658436214	160.11569052783804
uninfected	210.17283950617283	148.26898047722344	232.03292181069958	171.40708604483007
