uninfected	166.84773662551441	117.35647143890094	184.09876543209876	140.30947216196674
uninfected	162.76543209876544	3.516992046276211	180.54320987654322	29.98698481561822
uninfected	57.81069958847737	98.66088214027477	75.45679012345678	122.72451193058568
uninfected	166.0576131687243	185.1048445408532	183.83539094650206	209.72378886478668
uninfected	224.39506172839506	147.1583514099783	243.35802469135803	173.07302964569777
uninfected	91.91769547325103	38.31670281995662	112.19753086419753	65.52711496746204
uninfected	110.35390946502058	126.9819233550253	129.1851851851852	152.89660159074475
uninfected	210.0411522633745	82.92697035430224	229.92592592592592	109.76717281272596
uninfected	209.51440329218107	192.87924801156905	227.6872427983539	218.7939262472885
uninfected	51.09465020576132	14.43817787418655	68.8724279835391	40.16775126536515
uninfected	191.0781893004115	58.86334056399132	211.09465020576133	83.1120751988431
uninfected	156.8395061728395	152.89660159074475	173.6954732510288	178.0708604483008
uninfected	143.01234567901236	96.99493853940709	161.84362139917695	121.98409255242227
uninfected	92.18106995884774	124.02024584237165	111.27572016460906	149.93492407809111
uninfected	17.646090534979425	169.7411424439624	35.68724279835391	195.470715835141
uninfected	139.58847736625515	208.057845263919	157.62962962962962	233.7874186550976
uninfected	222.15637860082305	55.16124367317426	241.64609053497944	81.44613159797541
uninfected	229.79423868312756	127.53723788864787	247.83539094650206	147.89877078814172
uninfected	198.97942386831275	216.94287780187997	217.4156378600823	240.82140274765004
uninfected	219.78600823045267	213.05567606652204	238.880658436214	237.30441070137383
uninfected	166.0576131687243	63.120751988430946	184.6255144032922	89.59074475777295
uninfected	178.43621399176953	162.70715835141	199.24279835390948	185.28994938539407
uninfected	146.3045267489712	129.01807664497468	165.26748971193416	155.30296456977584
uninfected	206.74897119341563	23.50831525668836	225.84362139917695	50.16341287057122
uninfected	173.82716049382717	215.647143890094	192.65843621399176	239.89587852494577
uninfected	228.6090534979424	84.22270426608821	248.75720164609052	109.39696312364426
uninfected	119.57201646090535	9.995661605206074	139.58847736625515	37.76138828633405
uninfected	13.695473251028806	43.31453362255965	27.786008230452676	75.1525668835864
uninfected	7.901234567901234	7.404193781634128	26.20576131687243	37.76138828633405
uninfected	39.901234567901234	218.97903109182937	60.04938271604938	246.00433839479393
uninfected	31.736625514403293	32.20824295010846	52.2798353909465	55.16124367317426
uninfected	224.52674897119343	22.582791033984094	244.67489711934155	49.608098336948665
uninfected	79.27572016460906	62.010122921185825	98.50205761316873	90.33116413593638
uninfected	42.93004115226338	44.795372378886476	62.41975308641975	71.45046999276934
uninfected	213.20164609053498	134.941431670282	230.320987654321	156.59869848156183
uninfected	214.65020576131687	117.17136659436008	233.08641975308643	139.93926247288502
uninfected	65.18518518518519	44.610267534345624	85.72839506172839	70.71005061460593
uninfected	34.89711934156379	147.89877078814172	54.781893004115226	174.73897324656545
uninfected	225.58024691358025	101.25234996384671	243.88477366255145	126.9819233550253
uninfected	121.67901234567901	216.57266811279825	142.09053497942386	243.04266088214027
uninfected	141.30041152263374	179.92190889370931	160.79012345679013	210.0939985538684
uninfected	21.86008230452675	7.219088937093275	37.53086419753087	36.28054953000723
uninfected	133.92592592592592	19.806218365871295	153.81069958847738	44.795372378886476
uninfected	112.98765432098766	45.53579175704989	130.37037037037038	69.78452639190166
uninfected	25.679012345679013	52.38467100506146	47.01234567901235	79.22487346348518
uninfected	144.06584362139918	228.41937816341286	165.92592592592592	253.77874186550977
uninfected	187.1275720164609	198.2472885032538	205.30041152263374	226.75343456254518
uninfected	101.26748971193416	150.67534345625452	121.54732510288066	179.92190889370931
uninfected	43.45679012345679	115.1352133044107	62.946502057613166	142.16052060737528
uninfected	72.82304526748972	11.846710050614606	98.76543209876543	36.46565437454808
uninfected	131.29218106995884	48.497469269703544	150.2551440329218	80.52060737527115
uninfected	74.13991769547324	32.57845263919017	93.36625514403292	56.08676789587852
uninfected	144.32921810699588	8.6999276934201	163.02880658436214	36.83586406362979
uninfected	100.8724279835391	0.18510484454085321	117.86008230452676	27.765726681127983
infected	88.23045267489712	82.74186550976138	109.16872427983539	114.02458423716558
