uninfected	202.93004115226339	119.39262472885032	218.33744855967078	140.12436731742588
uninfected	33.711934156378604	191.0281995661605	51.489711934156375	211.57483731019522
uninfected	63.86831275720164	198.80260303687635	79.93415637860082	222.12581344902387
uninfected	237.9588477366255	86.81417208966016	253.89300411522635	108.10122921185828
uninfected	230.320987654321	148.824295010846	248.75720164609052	173.07302964569777
uninfected	94.0246913580247	12.402024584237166	111.53909465020575	37.020968908170644
uninfected	28.181069958847736	39.61243673174259	46.617283950617285	65.15690527838034
uninfected	123.65432098765432	13.142443962400579	138.66666666666666	34.61460592913955
uninfected	84.41152263374485	149.00939985538685	99.42386831275721	171.77729573391179
uninfected	42.93004115226338	105.50976138828634	62.41975308641975	130.31381055676067
uninfected	201.61316872427983	35.72523499638467	220.97119341563786	60.89949385394071
uninfected	63.07818930041152	176.21981200289227	80.5925925925926	199.72812725958062
uninfected	73.34979423868313	66.0824295010846	93.23456790123457	86.07375271149675
uninfected	223.20987654320987	56.08676789587852	239.27572016460906	78.85466377440348
uninfected	114.3045267489712	111.6182212581345	132.47736625514403	135.86695589298625
uninfected	154.8641975308642	125.31597975415762	171.7201646090535	145.30730296456977
uninfected	68.08230452674897	31.467823571945047	87.57201646090535	51.64425162689805
uninfected	14.880658436213992	87.18438177874187	34.10699588477366	111.06290672451193
uninfected	207.67078189300412	156.2284887924801	223.60493827160494	177.51554591467823
uninfected	8.164609053497943	159.56037599421546	22.91358024691358	181.587852494577
uninfected	23.308641975308642	156.2284887924801	39.76954732510288	176.0347071583514
uninfected	203.45679012345678	215.2769342010123	219.25925925925927	237.48951554591468
uninfected	11.45679012345679	232.49168474331165	26.995884773662553	253.40853217642805
uninfected	91.78600823045268	101.80766449746928	106.79835390946502	120.31814895155459
uninfected	80.98765432098766	120.87346348517715	98.10699588477367	138.64352856109906
uninfected	60.839506172839506	214.5365148228489	75.7201646090535	233.23210412147506
uninfected	226.63374485596708	209.353579175705	241.64609053497944	227.49385394070862
uninfected	12.11522633744856	4.442516268980477	31.473251028806583	35.91033984092552
uninfected	169.21810699588477	68.30368763557483	185.02057613168725	86.07375271149675
uninfected	165.26748971193416	26.284887924801158	186.07407407407408	48.31236442516269
uninfected	47.1440329218107	157.33911785972523	69.39917695473251	174.36876355748373
uninfected	45.82716049382716	140.30947216196674	59.25925925925926	160.11569052783804
uninfected	238.74897119341563	56.271872740419376	255.86831275720164	80.705712219812
uninfected	27.786008230452676	0.0	47.80246913580247	27.58062183658713
uninfected	53.06995884773662	129.01807664497468	69.92592592592592	146.04772234273318
uninfected	156.8395061728395	195.65582067968185	168.03292181069958	218.0535068691251
infected	47.53909465020576	5.73825018076645	69.1358024691358	34.61460592913955
infected	93.10288065843622	129.01807664497468	112.5925925925926	157.70932754880695
