uninfected	98.23868312757202	109.39696312364426	116.2798353909465	136.42227042660883
uninfected	94.68312757201646	185.66015907447579	113.25102880658436	212.8705712219812
uninfected	95.86831275720165	160.6710050614606	112.5925925925926	184.91973969631238
uninfected	182.5185185185185	123.0947216196674	199.50617283950618	149.74981923355026
uninfected	150.91358024691357	84.59291395516992	168.03292181069958	111.6182212581345
uninfected	49.251028806584365	183.2537960954447	68.74074074074075	206.76211135213305
uninfected	47.275720164609055	37.76138828633405	65.05349794238683	64.97180043383948
uninfected	227.29218106995884	17.029645697758497	246.78189300411523	44.24005784526392
uninfected	75.58847736625515	157.70932754880695	94.94650205761317	184.3644251626898
uninfected	80.98765432098766	221.5704989154013	100.74074074074075	247.48517715112075
uninfected	198.5843621399177	121.98409255242227	218.20576131687244	148.45408532176427
uninfected	197.79423868312756	166.5943600867679	215.30864197530863	192.6941431670282
uninfected	146.96296296296296	25.729573391178597	164.8724279835391	51.64425162689805
uninfected	138.2716049382716	54.23571945046999	158.2880658436214	81.44613159797541
uninfected	115.35802469135803	11.4765003615329	132.6090534979424	37.94649313087491
uninfected	159.86831275720164	8.885032537960955	177.51440329218107	38.131597975415765
uninfected	207.27572016460906	150.86044830079538	226.63374485596708	177.33044107013737
uninfected	35.55555555555556	13.882863340563992	54.650205761316876	41.46348517715112
uninfected	32.39506172839506	73.11641359363702	52.54320987654321	102.54808387563268
uninfected	129.1851851851852	15.919016630513378	146.96296296296296	45.9060014461316
uninfected	20.674897119341562	193.0643528561099	37.39917695473251	217.86840202458424
uninfected	127.07818930041152	147.1583514099783	147.09465020576133	173.81344902386118
uninfected	182.38683127572017	174.36876355748373	201.21810699588477	199.91323210412148
uninfected	28.5761316872428	41.833694866232825	45.958847736625515	66.45263919016631
uninfected	11.588477366255145	22.9530007230658	31.473251028806583	47.01663051337672
uninfected	98.37037037037037	130.68402024584236	119.17695473251028	156.04338394793928
uninfected	14.48559670781893	47.75704989154013	33.31687242798354	72.56109906001446
uninfected	16.59259259259259	69.04410701373826	36.08230452674897	95.32899493853941
uninfected	170.66666666666666	94.9587852494577	190.5514403292181	124.57556037599421
uninfected	226.50205761316872	91.07158351409979	245.46502057613168	118.46710050614605
uninfected	223.34156378600824	234.15762834417933	240.32921810699588	255.2595806218366
uninfected	138.66666666666666	204.72595806218365	159.20987654320987	233.41720896601592
uninfected	220.0493827160494	67.00795372378886	239.53909465020575	94.588575560376
uninfected	214.5185185185185	101.80766449746928	233.87654320987653	131.05422993492408
uninfected	208.59259259259258	48.497469269703544	228.47736625514403	76.07809110629067
uninfected	193.7119341563786	78.85466377440348	213.20164609053498	105.87997107736804
uninfected	72.29629629629629	103.2885032537961	88.62551440329219	127.90744757772957
uninfected	192.9218106995885	51.8293564714389	210.3045267489712	79.03976861894432
uninfected	20.279835390946502	161.22631959508314	36.08230452674897	177.14533622559654
uninfected	46.617283950617285	112.72885032537961	59.91769547325103	133.46059291395517
uninfected	161.84362139917695	123.4649313087491	179.62139917695472	151.41576283441793
infected	68.21399176954732	28.506146059291396	88.09876543209876	56.64208242950109
infected	16.987654320987655	174.36876355748373	37.925925925925924	201.94938539407087
infected	39.76954732510288	119.39262472885032	59.522633744855966	145.49240780911063
infected	109.03703703703704	201.76428054953	126.55144032921811	224.90238611713667
infected	79.27572016460906	67.56326825741142	96.92181069958848	91.62689804772235
