uninfected	205.03703703703704	123.8351409978308	222.5514403292181	148.45408532176427
uninfected	146.43621399176953	229.9002169197397	163.1604938271605	252.29790310918293
uninfected	20.54320987654321	59.418655097613886	38.8477366255144	83.1120751988431
uninfected	209.90946502057614	180.29211858279103	227.9506172839506	205.09616775126537
uninfected	159.7366255144033	203.06001446131597	178.0411522633745	226.93853940708604
uninfected	108.64197530864197	213.05567606652204	126.68312757201646	237.67462039045554
uninfected	206.22222222222223	9.625451916124367	225.05349794238683	36.095444685466376
uninfected	182.38683127572017	15.733911785972523	201.08641975308643	40.723065798987705
uninfected	87.440329218107	218.60882140274765	102.45267489711934	242.117136659436
uninfected	75.32510288065843	201.57917570498915	94.68312757201646	228.23427331887203
uninfected	76.90534979423869	66.0824295010846	94.94650205761317	91.8120028922632
uninfected	45.300411522633745	51.64425162689805	62.55144032921811	80.15039768618945
uninfected	196.21399176954733	217.86840202458424	212.80658436213992	246.1894432393348
uninfected	214.5185185185185	211.75994215473608	228.6090534979424	233.0469992769342
uninfected	187.1275720164609	35.91033984092552	204.37860082304528	61.269703543022416
uninfected	97.44855967078189	140.30947216196674	114.5679012345679	165.85394070860448
uninfected	115.88477366255144	159.37527114967463	134.0576131687243	185.84526391901662
uninfected	11.325102880658436	131.05422993492408	31.604938271604937	156.78380332610269
uninfected	87.70370370370371	120.13304410701373	107.85185185185185	146.7881417208966
uninfected	201.7448559670782	36.65075921908894	218.73251028806584	59.78886478669559
uninfected	40.95473251028807	151.41576283441793	58.99588477366255	179.73680404916848
uninfected	0.7901234567901234	113.46926970354302	20.411522633744855	140.4945770065076
uninfected	79.67078189300412	104.76934201012293	99.55555555555556	134.38611713665944
uninfected	111.67078189300412	1.1106290672451193	129.58024691358025	28.135936370209688
uninfected	239.40740740740742	153.45191612436733	255.7366255144033	178.4410701373825
uninfected	89.28395061728395	11.291395516992047	105.48148148148148	39.05712219812003
uninfected	112.5925925925926	24.804049168474332	129.31687242798353	49.79320318148952
uninfected	78.09053497942386	24.989154013015185	91.25925925925925	59.97396963123644
uninfected	232.8230452674897	198.2472885032538	242.0411522633745	218.0535068691251
uninfected	240.46090534979425	221.38539407086046	251.78600823045267	248.22559652928416
uninfected	68.47736625514403	93.66305133767173	89.54732510288066	124.57556037599421
uninfected	101.1358024691358	36.095444685466376	117.06995884773663	69.04410701373826
infected	149.7283950617284	161.0412147505423	167.24279835390948	189.5473608098337
infected	115.09465020576131	44.98047722342733	134.0576131687243	76.26319595083153
infected	224.2633744855967	106.99060014461315	242.8312757201646	130.86912509038322
infected	45.300411522633745	112.17353579175705	68.47736625514403	141.04989154013015
infected	36.477366255144034	12.957339117859725	52.93827160493827	41.64859002169197
infected	91.52263374485597	26.46999276934201	109.82716049382717	60.34417932031815
