uninfected	178.43621399176953	95.32899493853941	195.02880658436214	119.57772957339118
uninfected	73.08641975308642	45.53579175704989	89.81069958847736	68.30368763557483
uninfected	124.04938271604938	106.0650759219089	140.37860082304528	125.50108459869848
uninfected	225.58024691358025	129.57339117859726	240.72427983539094	153.45191612436733
uninfected	187.52263374485597	59.418655097613886	204.11522633744855	80.3355025307303
uninfected	65.58024691358025	10.92118582791034	84.93827160493827	33.133767172812725
uninfected	29.366255144032923	124.02024584237165	49.11934156378601	147.71366594360086
uninfected	107.32510288065843	6.848879248011569	125.62962962962963	29.80187997107737
uninfected	11.061728395061728	120.50325379609545	28.707818930041153	145.6775126536515
uninfected	101.00411522633745	28.135936370209688	120.49382716049382	53.86550976138829
uninfected	10.271604938271604	144.3817787418655	27.786008230452676	169.18582791033984
uninfected	153.28395061728395	135.12653651482285	170.66666666666666	155.85827910339842
uninfected	88.49382716049382	39.79754157628344	108.24691358024691	69.04410701373826
uninfected	143.27572016460906	77.37382501807664	161.7119341563786	98.66088214027477
uninfected	166.84773662551441	165.66883586406362	184.23045267489712	187.69631236442515
uninfected	157.89300411522635	62.010122921185825	170.66666666666666	83.1120751988431
uninfected	237.1687242798354	149.37960954446854	254.8148148148148	172.33261026753433
uninfected	108.24691358024691	67.56326825741142	127.07818930041152	93.10773680404917
uninfected	218.6008230452675	98.4757772957339	235.32510288065845	119.57772957339118
uninfected	92.44444444444444	131.05422993492408	111.93415637860082	152.52639190166306
uninfected	112.06584362139918	135.86695589298625	125.23456790123457	158.2646420824295
uninfected	40.03292181069959	185.66015907447579	59.522633744855966	212.1301518438178
uninfected	23.83539094650206	105.50976138828634	41.218106995884774	129.57339117859726
uninfected	51.358024691358025	75.5227765726681	70.18930041152264	99.95661605206074
uninfected	219.65432098765433	145.6775126536515	237.82716049382717	171.77729573391179
uninfected	70.97942386831275	212.31525668835863	90.20576131687243	239.34056399132322
uninfected	25.679012345679013	169.7411424439624	44.90534979423868	195.28561099060013
uninfected	94.15637860082305	152.15618221258134	112.72427983539094	174.73897324656545
uninfected	127.86831275720165	171.59219088937093	151.7037037037037	192.87924801156905
uninfected	147.22633744855966	158.07953723788864	167.11111111111111	183.9942154736081
uninfected	203.7201646090535	89.0354302241504	225.31687242798353	108.10122921185828
uninfected	160.2633744855967	105.50976138828634	176.32921810699588	126.05639913232105
uninfected	111.27572016460906	47.20173535791757	131.81893004115227	69.2292118582791
uninfected	24.757201646090536	146.4179320318149	45.82716049382716	172.1475054229935
uninfected	201.87654320987653	139.1988430947216	218.6008230452675	159.56037599421546
uninfected	210.96296296296296	69.5994215473608	226.76543209876544	89.0354302241504
uninfected	97.7119341563786	62.935647143890094	116.80658436213992	89.40563991323211
uninfected	38.71604938271605	101.80766449746928	55.17695473251029	127.90744757772957
uninfected	44.37860082304527	39.79754157628344	62.288065843621396	63.3058568329718
uninfected	133.66255144032922	128.647866955893	152.88888888888889	150.86044830079538
uninfected	105.21810699588477	103.47360809833695	123.1275720164609	121.61388286334056
uninfected	64.0	61.82501807664497	80.98765432098766	83.29718004338395
uninfected	24.098765432098766	66.63774403470715	41.48148148148148	94.9587852494577
uninfected	59.25925925925926	29.24656543745481	79.67078189300412	55.346348517715114
uninfected	120.09876543209876	11.106290672451193	137.61316872427983	40.53796095444685
uninfected	119.83539094650206	123.27982646420824	135.50617283950618	152.7114967462039
uninfected	101.92592592592592	205.46637744034706	120.62551440329219	230.08532176428054
uninfected	149.20164609053498	196.2111352133044	167.3744855967078	219.71945046999278
uninfected	107.45679012345678	224.53217642805495	129.58024691358025	249.3362255965293
infected	76.51028806584362	153.63702096890816	94.0246913580247	176.96023138105568
uninfected	39.111111111111114	75.1525668835864	54.25514403292181	101.80766449746928
uninfected	206.22222222222223	154.56254519161243	226.76543209876544	180.66232827187275
uninfected	64.92181069958848	166.2241503976862	86.2551440329218	188.80694143167028
uninfected	85.46502057613169	205.09616775126537	102.8477366255144	231.75126536514824
uninfected	52.148148148148145	207.13232104121474	71.76954732510288	231.93637020968907
uninfected	86.38683127572017	65.15690527838034	101.39917695473251	90.51626898047722
uninfected	129.84362139917695	23.878524945770064	153.02057613168725	52.75488069414317
uninfected	206.22222222222223	107.17570498915401	222.68312757201647	131.42443962400577
uninfected	40.95473251028807	162.70715835141	59.390946502057616	188.80694143167028
uninfected	5.399176954732511	177.51554591467823	20.14814814814815	202.1344902386117
uninfected	58.732510288065846	140.67968185104846	78.09053497942386	170.48156182212583
uninfected	89.94238683127573	229.1597975415763	109.82716049382717	254.14895155459146
uninfected	120.49382716049382	184.17932031814894	138.53497942386832	212.5003615328995
uninfected	94.94650205761317	88.29501084598698	112.98765432098766	112.17353579175705
uninfected	118.91358024691358	147.89877078814172	142.22222222222223	174.5538684020246
uninfected	48.8559670781893	134.5712219812003	69.1358024691358	154.37744034707157
uninfected	134.0576131687243	147.89877078814172	158.94650205761317	166.40925524222703
uninfected	117.72839506172839	206.39190166305133	140.90534979423867	224.90238611713667
uninfected	242.17283950617283	94.9587852494577	255.86831275720164	114.57989877078815
infected	138.93004115226339	95.32899493853941	162.76543209876544	129.20318148951554
infected	69.92592592592592	129.57339117859726	93.49794238683127	158.44974692697036
infected	89.54732510288066	115.69052783803326	117.86008230452676	138.82863340563992
infected	73.34979423868313	106.99060014461315	94.41975308641975	128.27765726681127
uninfected	143.01234567901236	40.352856109906	160.2633744855967	60.71438900939985
uninfected	102.5843621399177	161.96673897324658	124.70781893004116	186.58568329718005
uninfected	79.01234567901234	189.9175704989154	99.02880658436214	215.83224873463485
uninfected	112.19753086419753	175.6644974692697	128.39506172839506	210.0939985538684
uninfected	84.14814814814815	171.03687635574838	104.95473251028807	191.21330441070137
uninfected	58.60082304526749	194.17498192335503	80.19753086419753	218.7939262472885
uninfected	52.016460905349795	164.1879971077368	68.21399176954732	197.5068691250904
uninfected	38.8477366255144	138.0882140274765	61.76131687242798	167.70498915401302
uninfected	53.333333333333336	91.62689804772235	77.30041152263375	110.87780187997107
uninfected	65.31687242798354	181.2176428054953	87.70370370370371	200.2834417932032
uninfected	96.65843621399176	183.2537960954447	114.43621399176955	211.57483731019522
uninfected	68.74074074074075	68.67389732465655	87.440329218107	95.14389009399855
