uninfected	94.2880658436214	62.010122921185825	111.27572016460906	88.48011569052784
uninfected	153.02057613168725	141.60520607375273	171.45679012345678	166.40925524222703
uninfected	195.02880658436214	153.26681127982647	211.35802469135803	172.70281995661605
uninfected	44.641975308641975	159.74548083875632	62.15637860082305	183.6240057845264
uninfected	106.93004115226337	2.7765726681127982	126.2880658436214	28.506146059291396
uninfected	89.54732510288066	126.79681851048446	107.06172839506173	149.37960954446854
uninfected	150.2551440329218	117.72668112798264	168.03292181069958	140.4945770065076
uninfected	48.592592592592595	53.49530007230658	67.02880658436214	74.59725234996385
uninfected	131.6872427983539	34.244396240057846	150.65020576131687	58.86334056399132
uninfected	114.43621399176955	218.60882140274765	135.3744855967078	242.117136659436
uninfected	73.21810699588477	196.9515545914678	92.3127572016461	221.01518438177874
uninfected	121.67901234567901	178.99638467100507	141.1687242798354	201.94938539407087
uninfected	186.33744855967078	219.71945046999278	204.5102880658436	241.56182212581345
uninfected	74.13991769547324	224.7172812725958	92.97119341563786	249.3362255965293
uninfected	141.1687242798354	184.91973969631238	157.89300411522635	207.13232104121474
uninfected	169.87654320987653	224.3470715835141	187.91769547325103	248.7809110629067
uninfected	197.79423868312756	105.69486623282718	217.28395061728395	129.94360086767895
uninfected	80.06584362139918	53.49530007230658	96.13168724279835	74.96746203904556
uninfected	40.2962962962963	81.26102675343456	58.33744855967078	107.36080983369487
uninfected	47.275720164609055	208.98336948662327	66.10699588477367	233.41720896601592
uninfected	5.135802469135802	209.353579175705	23.17695473251029	233.23210412147506
uninfected	36.34567901234568	108.28633405639913	57.415637860082306	131.23933477946494
uninfected	8.427983539094651	52.199566160520604	25.94238683127572	75.33767172812726
uninfected	30.02469135802469	8.885032537960955	49.64609053497942	34.244396240057846
uninfected	30.156378600823047	60.529284164859	48.98765432098765	86.2588575560376
uninfected	30.551440329218106	175.10918293564714	51.358024691358025	199.91323210412148
uninfected	174.09053497942386	199.35791757049893	194.23868312757202	225.64280549530008
uninfected	32.52674897119341	199.17281272595807	52.148148148148145	218.60882140274765
uninfected	140.64197530864197	156.04338394793928	158.02469135802468	183.43890093998553
uninfected	11.588477366255145	72.19088937093275	32.65843621399177	96.80983369486623
uninfected	114.5679012345679	22.027476500361534	134.45267489711935	49.97830802603037
uninfected	57.547325102880656	233.0469992769342	74.13991769547324	254.88937093275487
uninfected	49.382716049382715	15.919016630513378	67.42386831275721	41.64859002169197
uninfected	117.9917695473251	200.09833694866234	141.82716049382717	218.7939262472885
uninfected	125.89300411522633	5.923355025307303	147.62139917695472	34.4295010845987
uninfected	0.0	185.66015907447579	17.77777777777778	211.01952277657267
infected	80.8559670781893	83.29718004338395	103.63786008230453	112.91395516992046
infected	218.33744855967078	148.63919016630513	239.01234567901236	175.6644974692697
