uninfected	51.22633744855967	145.30730296456977	68.60905349794238	170.48156182212583
uninfected	199.24279835390948	192.87924801156905	217.54732510288065	215.647143890094
uninfected	176.46090534979425	2.591467823571945	193.7119341563786	25.91467823571945
uninfected	224.79012345679013	146.97324656543745	242.17283950617283	170.1113521330441
uninfected	228.08230452674897	3.702096890817064	246.78189300411523	29.43167028199566
uninfected	21.596707818930042	114.39479392624729	40.42798353909465	140.30947216196674
uninfected	33.58024691358025	141.04989154013015	52.41152263374486	167.3347794649313
uninfected	160.2633744855967	211.01952277657267	179.4897119341564	235.26825741142443
uninfected	90.07407407407408	42.759219088937094	109.16872427983539	69.41431670281996
uninfected	40.2962962962963	116.43094721619667	58.864197530864196	141.04989154013015
uninfected	178.43621399176953	160.6710050614606	196.74074074074073	184.73463485177152
uninfected	3.4238683127572016	42.759219088937094	22.650205761316872	68.48879248011569
uninfected	214.65020576131687	64.41648590021693	234.2716049382716	86.999276934201
uninfected	2.5020576131687244	67.74837310195228	21.728395061728396	94.21836587129428
uninfected	44.77366255144033	30.542299349240782	64.0	56.82718727404194
uninfected	11.588477366255145	3.702096890817064	30.419753086419753	28.69125090383225
uninfected	26.20576131687243	39.42733188720174	43.58847736625514	56.64208242950109
uninfected	235.85185185185185	42.01879971077368	255.0781893004115	67.37816341287058
uninfected	20.80658436213992	73.85683297180043	39.901234567901234	99.77151120751988
uninfected	26.864197530864196	15.178597252349963	47.67078189300412	38.68691250903832
uninfected	49.51440329218107	56.08676789587852	69.00411522633745	82.55676066522054
uninfected	222.94650205761317	204.9110629067245	243.88477366255145	230.2704266088214
uninfected	216.88888888888889	85.51843817787419	237.03703703703704	111.80332610267534
uninfected	162.37037037037038	123.27982646420824	182.91358024691357	148.08387563268258
uninfected	21.46502057613169	54.420824295010846	41.876543209876544	76.26319595083153
uninfected	74.0082304526749	0.0	93.49794238683127	25.35936370209689
infected	103.50617283950618	57.3825018076645	121.4156378600823	82.37165582067968
infected	115.75308641975309	199.17281272595807	131.9506172839506	225.27259580621836
infected	172.90534979423867	57.197396963123644	191.34156378600824	82.74186550976138
