uninfected	111.80246913580247	15.363702096890817	127.73662551440329	36.28054953000723
uninfected	31.078189300411523	230.08532176428054	47.275720164609055	251.37237888647866
uninfected	221.49794238683128	78.66955892986262	235.45679012345678	99.03109182935647
uninfected	62.55144032921811	163.26247288503254	76.90534979423869	185.1048445408532
uninfected	232.69135802469137	120.50325379609545	248.88888888888889	142.71583514099783
uninfected	96.26337448559671	150.3051337671728	111.80246913580247	170.1113521330441
uninfected	185.4156378600823	87.92480115690527	201.08641975308643	109.5820679681851
uninfected	44.90534979423868	153.26681127982647	62.02469135802469	176.21981200289227
uninfected	233.61316872427983	229.530007230658	250.20576131687244	249.89154013015184
uninfected	210.5679012345679	120.31814895155459	226.89711934156378	143.45625451916123
uninfected	208.06584362139918	95.88430947216197	225.05349794238683	117.17136659436008
uninfected	48.592592592592595	53.680404916847436	62.946502057613166	75.5227765726681
uninfected	213.06995884773661	35.169920462762114	229.66255144032922	57.01229211858279
uninfected	226.63374485596708	149.00939985538685	242.69958847736626	170.48156182212583
uninfected	61.10288065843621	115.87563268257412	75.85185185185185	136.97758496023138
uninfected	137.08641975308643	66.0824295010846	155.3909465020576	87.92480115690527
uninfected	119.70370370370371	173.62834417932032	132.6090534979424	191.76861894432395
uninfected	224.79012345679013	102.36297903109183	240.59259259259258	124.94577006507592
uninfected	237.56378600823047	163.63268257411426	253.89300411522635	185.28994938539407
uninfected	97.18518518518519	27.210412147505423	115.35802469135803	50.71872740419378
uninfected	38.32098765432099	192.6941431670282	52.41152263374486	215.46203904555315
uninfected	17.382716049382715	144.93709327548808	31.34156378600823	162.70715835141
uninfected	196.21399176954733	97.92046276211136	212.67489711934155	117.9117859725235
uninfected	30.156378600823047	182.51337671728126	47.67078189300412	201.57917570498915
uninfected	96.13168724279835	49.23788864786695	111.67078189300412	68.11858279103399
uninfected	70.32098765432099	112.54374548083875	85.33333333333333	138.0882140274765
uninfected	95.34156378600824	7.033984092552422	111.80246913580247	31.838033261026755
uninfected	20.938271604938272	107.54591467823572	35.02880658436214	127.16702819956616
uninfected	65.05349794238683	58.86334056399132	79.53909465020575	74.59725234996385
uninfected	34.370370370370374	59.23355025307303	52.148148148148145	85.33333333333333
uninfected	69.66255144032922	7.959508315256689	82.83127572016461	28.135936370209688
uninfected	103.76954732510288	135.49674620390456	117.06995884773663	151.23065798987707
uninfected	9.481481481481481	69.04410701373826	25.020576131687243	86.999276934201
uninfected	74.66666666666667	189.36225596529283	87.30864197530865	205.65148228488792
uninfected	22.123456790123456	162.33694866232827	35.29218106995885	181.587852494577
uninfected	16.724279835390945	17.029645697758497	35.29218106995885	45.9060014461316
uninfected	31.473251028806583	43.31453362255965	47.275720164609055	61.82501807664497
uninfected	32.26337448559671	20.361532899493852	54.650205761316876	47.38684020245842
uninfected	8.03292181069959	156.96890817064352	25.152263374485596	179.36659436008676
uninfected	52.93827160493827	12.772234273318873	72.559670781893	39.982646420824295
uninfected	32.13168724279836	1.1106290672451193	55.57201646090535	21.28705712219812
uninfected	142.74897119341563	89.0354302241504	168.16460905349794	106.80549530007231
uninfected	46.617283950617285	39.79754157628344	64.52674897119341	56.82718727404194
uninfected	77.30041152263375	175.10918293564714	90.20576131687243	192.6941431670282
uninfected	20.80658436213992	92.5524222704266	37.925925925925924	107.73101952277658
uninfected	62.288065843621396	33.68908170643529	76.64197530864197	54.23571945046999
uninfected	23.045267489711936	65.34201012292118	41.74485596707819	82.74186550976138
uninfected	0.13168724279835392	72.74620390455532	16.987654320987655	105.69486623282718
uninfected	7.242798353909465	93.10773680404917	21.991769547325102	132.34996384671004
uninfected	30.156378600823047	80.3355025307303	47.407407407407405	102.36297903109183
uninfected	48.32921810699588	238.78524945770064	60.31275720164609	255.07447577729573
uninfected	91.52263374485597	0.7404193781634129	102.8477366255144	27.58062183658713
infected	76.37860082304526	13.697758496023138	96.92181069958848	44.05495300072307
uninfected	144.59259259259258	75.1525668835864	158.41975308641975	93.29284164859003
uninfected	28.839506172839506	165.66883586406362	42.13991769547325	185.84526391901662
uninfected	63.73662551440329	49.97830802603037	83.09465020576131	64.78669558929863
