uninfected	145.119341563786	77.37382501807664	162.23868312757202	101.99276934201012
uninfected	143.1440329218107	5.923355025307303	161.31687242798353	29.061460592913956
uninfected	89.02057613168725	4.6276211135213305	103.76954732510288	24.06362979031092
uninfected	102.05761316872427	140.12436731742588	118.65020576131687	162.89226319595082
uninfected	177.119341563786	71.26536514822848	194.89711934156378	95.14389009399855
uninfected	158.8148148148148	120.31814895155459	174.22222222222223	149.1945046999277
uninfected	156.18106995884773	226.3832248734635	172.90534979423867	249.89154013015184
uninfected	31.604938271604937	136.0520607375271	48.724279835390945	159.0050614605929
uninfected	154.8641975308642	56.64208242950109	174.880658436214	79.96529284164859
uninfected	182.2551440329218	227.1236442516269	200.2962962962963	252.8532176428055
uninfected	85.59670781893004	133.09038322487348	101.92592592592592	155.85827910339842
uninfected	69.39917695473251	41.46348517715112	87.17695473251028	63.120751988430946
uninfected	188.70781893004116	53.86550976138829	206.09053497942386	78.48445408532176
uninfected	193.84362139917695	201.57917570498915	212.80658436213992	227.30874909616776
uninfected	168.559670781893	202.50469992769342	186.6008230452675	227.49385394070862
uninfected	7.506172839506172	226.3832248734635	26.469135802469136	251.74258857556038
uninfected	212.41152263374485	13.697758496023138	230.45267489711935	38.872017353579174
uninfected	106.0082304526749	5.368040491684743	126.2880658436214	28.8763557483731
uninfected	42.79835390946502	113.09906001446132	62.15637860082305	138.27331887201734
uninfected	218.99588477366254	55.346348517715114	234.2716049382716	81.0759219088937
uninfected	8.559670781893004	7.033984092552422	27.91769547325103	29.98698481561822
uninfected	231.90123456790124	65.89732465654374	250.8641975308642	91.07158351409979
uninfected	117.06995884773663	178.99638467100507	134.320987654321	206.2067968185105
uninfected	76.11522633744856	154.19233550253074	95.34156378600824	178.81127982646422
uninfected	15.407407407407407	76.26319595083153	34.10699588477366	101.06724511930585
uninfected	30.2880658436214	42.759219088937094	47.407407407407405	66.0824295010846
uninfected	16.329218106995885	210.0939985538684	36.08230452674897	235.0831525668836
uninfected	73.87654320987654	22.027476500361534	92.8395061728395	43.4996384671005
uninfected	130.23868312757202	103.84381778741866	144.32921810699588	134.5712219812003
uninfected	104.03292181069959	115.1352133044107	122.07407407407408	137.53289949385393
uninfected	173.30041152263374	117.72668112798264	191.86831275720164	144.19667389732464
uninfected	93.10288065843622	86.07375271149675	109.95884773662551	107.91612436731742
uninfected	0.26337448559670784	64.23138105567607	19.48971193415638	89.40563991323211
uninfected	35.68724279835391	173.07302964569777	58.864197530864196	193.98987707881417
uninfected	43.983539094650205	30.542299349240782	60.31275720164609	55.346348517715114
uninfected	180.2798353909465	169.3709327548807	194.76543209876544	203.4302241503977
uninfected	17.909465020576132	102.17787418655098	36.21399176954733	129.94360086767895
uninfected	127.34156378600824	55.90166305133767	145.77777777777777	84.03759942154736
uninfected	40.559670781893004	67.74837310195228	57.81069958847737	88.48011569052784
uninfected	92.97119341563786	22.767895878524946	114.04115226337449	50.533622559652926
uninfected	57.1522633744856	221.01518438177874	82.96296296296296	241.3767172812726
uninfected	178.17283950617283	37.020968908170644	192.65843621399176	74.22704266088213
uninfected	102.71604938271605	34.244396240057846	124.44444444444444	59.78886478669559
uninfected	111.80246913580247	155.4880694143167	127.86831275720165	189.5473608098337
uninfected	37.66255144032922	88.85032537960954	58.864197530864196	113.83947939262472
uninfected	85.46502057613169	171.40708604483007	104.69135802469135	200.2834417932032
uninfected	4.609053497942387	41.833694866232825	25.28395061728395	66.82284887924801
uninfected	161.1851851851852	75.5227765726681	179.4897119341564	102.36297903109183
uninfected	158.2880658436214	182.51337671728126	172.77366255144034	219.34924078091106
uninfected	53.333333333333336	19.436008676789587	77.03703703703704	42.20390455531454
uninfected	68.8724279835391	0.0	86.12345679012346	26.46999276934201
uninfected	87.440329218107	105.32465654374548	112.5925925925926	131.60954446854663
uninfected	238.74897119341563	155.4880694143167	255.7366255144033	184.54953000723066
uninfected	141.82716049382717	226.3832248734635	156.8395061728395	255.81489515545914
uninfected	79.01234567901234	72.74620390455532	98.23868312757202	99.58640636297903
infected	109.16872427983539	76.26319595083153	125.62962962962963	100.32682574114244
