uninfected	161.31687242798353	74.96746203904556	177.3827160493827	97.36514822848879
uninfected	99.42386831275721	151.78597252349965	117.59670781893004	177.51554591467823
uninfected	34.370370370370374	7.959508315256689	52.2798353909465	33.50397686189443
uninfected	100.74074074074075	69.2292118582791	117.9917695473251	93.84815618221258
uninfected	32.79012345679013	91.62689804772235	50.5679012345679	114.20968908170643
uninfected	166.18930041152262	179.73680404916848	184.09876543209876	202.68980477223428
uninfected	148.54320987654322	56.08676789587852	165.53086419753086	79.59508315256689
uninfected	137.08641975308643	228.41937816341286	153.9423868312757	253.77874186550977
uninfected	74.66666666666667	31.09761388286334	92.44444444444444	54.420824295010846
uninfected	125.10288065843622	145.1221981200289	143.01234567901236	167.3347794649313
uninfected	170.13991769547326	150.86044830079538	187.91769547325103	173.81344902386118
uninfected	33.18518518518518	197.69197396963125	52.674897119341566	220.64497469269705
uninfected	204.64197530864197	145.1221981200289	222.2880658436214	168.26030368763557
uninfected	228.21399176954733	86.81417208966016	246.38683127572017	112.54374548083875
uninfected	50.17283950617284	134.5712219812003	68.74074074074075	159.0050614605929
uninfected	93.10288065843622	217.49819233550252	110.35390946502058	239.7107736804049
uninfected	64.92181069958848	110.13738250180766	82.83127572016461	134.38611713665944
uninfected	7.901234567901234	101.80766449746928	24.362139917695472	127.16702819956616
uninfected	89.81069958847736	181.587852494577	107.58847736625515	208.79826464208242
uninfected	201.21810699588477	215.647143890094	217.02057613168725	238.04483007953723
uninfected	49.382716049382715	226.93853940708604	67.29218106995884	253.03832248734633
uninfected	119.04526748971193	121.61388286334056	139.45679012345678	147.34345625451917
uninfected	87.96707818930041	125.50108459869848	106.79835390946502	150.86044830079538
uninfected	67.81893004115226	134.941431670282	86.2551440329218	161.22631959508314
uninfected	229.1358024691358	111.06290672451193	247.96707818930042	134.75632682574116
uninfected	9.349794238683128	26.46999276934201	29.366255144032923	49.42299349240781
uninfected	103.63786008230453	20.73174258857556	123.39094650205762	43.1294287780188
uninfected	63.20987654320987	201.76428054953	80.98765432098766	223.60665220535068
uninfected	95.34156378600824	38.131597975415765	110.74897119341564	59.048445408532174
uninfected	186.46913580246914	141.60520607375273	205.4320987654321	165.11352133044107
uninfected	13.958847736625515	126.42660882140275	34.50205761316872	148.824295010846
uninfected	2.5020576131687244	48.682574114244396	21.991769547325102	74.7823571945047
uninfected	19.226337448559672	3.331887201735358	36.34567901234568	28.135936370209688
uninfected	68.08230452674897	86.2588575560376	86.38683127572017	111.80332610267534
uninfected	71.76954732510288	181.77295733911785	89.94238683127573	206.9472161966739
uninfected	189.10288065843622	124.39045553145336	206.74897119341563	146.04772234273318
uninfected	34.50205761316872	218.23861171366593	53.333333333333336	243.78308026030368
uninfected	16.855967078189302	57.56760665220535	35.818930041152264	84.77801879971078
uninfected	162.37037037037038	21.10195227765727	181.59670781893004	47.01663051337672
uninfected	63.86831275720164	218.97903109182937	83.75308641975309	241.19161243673173
uninfected	171.19341563786008	111.43311641359364	190.5514403292181	140.12436731742588
uninfected	141.03703703703704	0.0	156.18106995884773	22.027476500361534
uninfected	79.01234567901234	11.661605206073753	91.91769547325103	28.506146059291396
uninfected	21.069958847736626	224.7172812725958	32.13168724279836	247.11496746203903
uninfected	212.80658436213992	98.66088214027477	230.97942386831275	125.87129428778019
uninfected	21.20164609053498	87.18438177874187	33.18518518518518	106.80549530007231
uninfected	80.98765432098766	235.0831525668836	95.20987654320987	255.62979031091828
infected	120.75720164609054	182.69848156182212	139.85185185185185	206.02169197396964
infected	52.2798353909465	98.1055676066522	70.18930041152264	121.4287780187997
infected	120.88888888888889	26.099783080260302	136.2962962962963	49.79320318148952
