uninfected	125.76131687242798	208.24295010845987	140.90534979423867	229.1597975415763
uninfected	33.18518518518518	97.92046276211136	50.30452674897119	120.6883586406363
uninfected	107.19341563786008	229.530007230658	124.44444444444444	252.1127982646421
uninfected	28.707818930041153	128.83297180043385	43.193415637860085	150.67534345625452
uninfected	30.814814814814813	183.80911062906725	47.275720164609055	205.83658712942878
uninfected	28.5761316872428	149.1945046999277	45.82716049382716	172.5177151120752
uninfected	18.699588477366255	218.97903109182937	38.05761316872428	242.117136659436
uninfected	3.02880658436214	122.90961677512654	19.753086419753085	144.0115690527838
uninfected	58.33744855967078	91.99710773680405	72.559670781893	111.9884309472162
uninfected	149.06995884773661	216.38756326825742	164.6090534979424	237.85972523499638
uninfected	5.135802469135802	187.881417208966	24.493827160493826	211.38973246565436
uninfected	1.1851851851851851	224.7172812725958	17.909465020576132	245.44902386117136
