uninfected	37.925925925925924	198.6174981923355	55.83539094650206	223.60665220535068
uninfected	49.51440329218107	141.97541576283442	69.26748971193416	167.14967462039044
uninfected	41.48148148148148	219.34924078091106	60.839506172839506	242.67245119305858
uninfected	143.1440329218107	208.98336948662327	161.1851851851852	238.04483007953723
uninfected	129.05349794238683	190.84309472161968	149.86008230452674	211.75994215473608
uninfected	54.25514403292181	200.2834417932032	70.5843621399177	228.23427331887203
uninfected	66.76543209876543	203.80043383947938	83.09465020576131	231.0108459869848
uninfected	124.57613168724279	213.61099060014462	144.46090534979425	239.34056399132322
uninfected	82.17283950617283	184.91973969631238	101.39917695473251	209.90889370932754
uninfected	138.93004115226339	174.92407809110628	151.83539094650206	194.73029645697758
uninfected	233.4814814814815	216.57266811279825	255.0781893004115	243.78308026030368
uninfected	34.63374485596708	141.97541576283442	49.64609053497942	168.26030368763557
uninfected	59.25925925925926	233.0469992769342	76.77366255144032	255.81489515545914
uninfected	91.52263374485597	119.76283441793203	111.4074074074074	141.97541576283442
uninfected	71.24279835390946	133.2754880694143	91.39094650205762	158.44974692697036
uninfected	95.07818930041152	231.0108459869848	111.67078189300412	256.0
uninfected	24.23045267489712	208.42805495300072	40.03292181069959	236.00867678958787
uninfected	75.32510288065843	220.27476500361533	96.13168724279835	245.63412870571221
uninfected	52.806584362139915	177.51554591467823	74.40329218106996	203.61532899493855
uninfected	115.75308641975309	169.92624728850325	138.93004115226339	193.24945770065077
uninfected	93.10288065843622	203.24511930585683	109.16872427983539	224.3470715835141
uninfected	71.76954732510288	169.92624728850325	90.33744855967078	192.87924801156905
uninfected	111.1440329218107	137.53289949385393	135.76954732510288	161.59652928416486
uninfected	119.30864197530865	128.647866955893	141.4320987654321	148.63919016630513
uninfected	82.04115226337449	208.61315979754158	98.89711934156378	232.3065798987708
uninfected	109.4320987654321	200.46854663774403	130.89711934156378	228.04916847433117
uninfected	115.75308641975309	156.04338394793928	139.58847736625515	173.81344902386118
uninfected	56.36213991769547	155.117859725235	80.46090534979425	185.84526391901662
uninfected	101.00411522633745	186.21547360809834	127.60493827160494	209.16847433116413
uninfected	88.23045267489712	136.97758496023138	111.67078189300412	169.18582791033984
infected	87.70370370370371	164.37310195227766	114.69958847736625	193.61966738973246
uninfected	71.24279835390946	150.86044830079538	94.68312757201646	175.294287780188
