uninfected	138.53497942386832	161.78163412870572	155.91769547325103	185.28994938539407
uninfected	10.534979423868313	205.65148228488792	28.049382716049383	231.93637020968907
uninfected	9.74485596707819	120.31814895155459	27.25925925925926	142.90093998553868
uninfected	17.51440329218107	97.7353579175705	35.95061728395062	124.02024584237165
uninfected	111.01234567901234	198.6174981923355	131.55555555555554	226.01301518438177
uninfected	157.36625514403292	141.234996384671	173.4320987654321	164.55820679681852
uninfected	28.049382716049383	64.04627621113521	45.4320987654321	87.18438177874187
uninfected	6.584362139917696	160.48590021691973	24.88888888888889	182.14316702819957
uninfected	0.0	136.23716558206797	18.962962962962962	162.52205350686913
uninfected	30.02469135802469	173.2581344902386	46.22222222222222	199.54302241503976
uninfected	104.42798353909465	33.31887201735358	124.97119341563786	54.9761388286334
uninfected	24.362139917695472	223.236442516269	42.40329218106996	246.37454808387562
uninfected	62.02469135802469	57.7527114967462	77.82716049382717	87.73969631236443
uninfected	151.57201646090536	190.10267534345624	171.85185185185185	216.57266811279825
uninfected	172.11522633744855	46.646420824295014	190.02469135802468	73.85683297180043
uninfected	24.098765432098766	136.79248011569052	43.58847736625514	157.33911785972523
uninfected	22.51851851851852	193.43456254519162	40.69135802469136	221.5704989154013
uninfected	70.8477366255144	176.96023138105568	88.23045267489712	201.0238611713666
uninfected	60.70781893004115	201.57917570498915	79.67078189300412	221.940708604483
uninfected	186.46913580246914	53.680404916847436	206.35390946502056	77.92913955169921
uninfected	203.7201646090535	221.2002892263196	223.34156378600824	246.9298626174982
uninfected	174.22222222222223	142.90093998553868	191.47325102880657	166.2241503976862
uninfected	27.65432098765432	155.30296456977584	48.592592592592595	176.77512653651482
uninfected	128.2633744855967	170.29645697758497	146.8312757201646	196.76644974692698
uninfected	144.98765432098764	44.610267534345624	162.50205761316872	73.85683297180043
uninfected	130.10699588477365	212.68546637744035	150.65020576131687	238.78524945770064
uninfected	212.80658436213992	199.72812725958062	232.16460905349794	226.19812002892263
uninfected	75.32510288065843	55.90166305133767	93.36625514403292	84.96312364425162
uninfected	159.0781893004115	50.348517715112074	174.6172839506173	80.15039768618945
uninfected	120.88888888888889	150.12002892263195	139.58847736625515	175.84960231381055
uninfected	119.440329218107	224.90238611713667	134.45267489711935	249.70643528561098
uninfected	136.559670781893	183.6240057845264	154.8641975308642	212.1301518438178
uninfected	46.35390946502058	63.67606652205351	63.34156378600823	88.66522053506868
uninfected	223.7366255144033	108.10122921185828	239.40740740740742	131.97975415762835
uninfected	184.6255144032922	162.70715835141	201.34979423868313	185.1048445408532
uninfected	177.51440329218107	185.84526391901662	193.4485596707819	203.61532899493855
uninfected	219.91769547325103	129.57339117859726	238.22222222222223	149.00939985538685
uninfected	89.4156378600823	212.31525668835863	109.6954732510288	239.7107736804049
uninfected	92.8395061728395	54.9761388286334	106.53497942386831	83.85249457700651
uninfected	107.7201646090535	171.96240057845264	125.62962962962963	201.94938539407087
uninfected	210.43621399176953	88.29501084598698	232.42798353909464	113.09906001446132
uninfected	101.66255144032922	109.2118582791034	121.02057613168725	135.6818510484454
uninfected	14.617283950617283	166.2241503976862	35.55555555555556	197.13665943600867
uninfected	120.36213991769547	105.69486623282718	138.79835390946502	131.97975415762835
uninfected	138.13991769547326	123.8351409978308	154.46913580246914	150.49023861171366
uninfected	100.60905349794238	192.50903832248736	118.91358024691358	218.60882140274765
uninfected	152.23045267489712	119.02241503976862	169.61316872427983	144.93709327548808
uninfected	86.12345679012346	171.03687635574838	108.24691358024691	196.76644974692698
uninfected	147.7530864197531	207.13232104121474	167.11111111111111	232.67678958785248
uninfected	119.04526748971193	129.57339117859726	132.8724279835391	154.00723065798988
uninfected	72.03292181069959	123.8351409978308	88.62551440329219	142.34562545191613
uninfected	101.1358024691358	49.79320318148952	123.1275720164609	74.7823571945047
uninfected	73.61316872427983	212.68546637744035	93.49794238683127	242.30224150397686
uninfected	76.90534979423869	154.00723065798988	96.26337448559671	177.33044107013737
uninfected	216.49382716049382	168.6305133767173	235.45679012345678	192.50903832248736
uninfected	109.30041152263375	150.86044830079538	123.78600823045268	173.62834417932032
uninfected	129.31687242798353	40.352856109906	148.14814814814815	71.26536514822848
uninfected	197.53086419753086	199.17281272595807	216.3621399176955	224.53217642805495
uninfected	218.99588477366254	149.00939985538685	235.85185185185185	164.74331164135936
uninfected	186.8641975308642	231.0108459869848	207.01234567901236	255.2595806218366
uninfected	27.91769547325103	116.24584237165583	47.934156378600825	142.53073029645697
uninfected	35.02880658436214	97.92046276211136	52.016460905349795	119.76283441793203
uninfected	201.21810699588477	76.44830079537238	221.49794238683128	105.13955169920463
uninfected	131.6872427983539	131.7946493130875	148.80658436213992	159.19016630513377
uninfected	55.83539094650206	118.46710050614605	74.79835390946502	137.16268980477224
uninfected	191.47325102880657	143.6413593637021	209.25102880658437	169.00072306579898
uninfected	79.80246913580247	189.177151120752	102.32098765432099	214.90672451193058
infected	44.37860082304527	183.9942154736081	70.71604938271605	211.75994215473608
uninfected	209.3827160493827	177.14533622559654	232.69135802469137	201.57917570498915
uninfected	119.57201646090535	46.646420824295014	133.26748971193416	83.4822848879248
uninfected	49.90946502057613	83.4822848879248	73.61316872427983	104.21402747650036
uninfected	193.7119341563786	67.93347794649313	213.7283950617284	92.1822125813449
uninfected	207.27572016460906	111.43311641359364	225.84362139917695	137.7180043383948
uninfected	180.54320987654322	100.5119305856833	199.90123456790124	126.24150397686189
uninfected	189.10288065843622	213.05567606652204	205.82716049382717	236.74909616775128
uninfected	156.70781893004116	217.31308749096166	178.8312757201646	246.55965292841648
uninfected	180.0164609053498	200.65365148228489	200.16460905349794	229.9002169197397
uninfected	168.42798353909464	199.91323210412148	185.4156378600823	227.49385394070862
uninfected	174.6172839506173	225.27259580621836	191.34156378600824	248.0404916847433
uninfected	104.69135802469135	221.5704989154013	121.67901234567901	249.89154013015184
uninfected	71.76954732510288	78.11424439624005	98.23868312757202	98.29067245119306
uninfected	100.8724279835391	68.30368763557483	124.44444444444444	99.77151120751988
uninfected	126.2880658436214	82.37165582067968	146.17283950617283	108.84164859002169
uninfected	70.71604938271605	93.29284164859003	91.25925925925925	114.95010845986985
uninfected	95.47325102880659	83.1120751988431	113.64609053497942	115.69052783803326
uninfected	110.35390946502058	84.22270426608821	129.84362139917695	117.17136659436008
uninfected	70.71604938271605	110.69269703543023	96.65843621399176	132.72017353579176
uninfected	87.96707818930041	95.88430947216197	107.98353909465021	126.6117136659436
uninfected	87.17695473251028	125.50108459869848	104.42798353909465	145.30730296456977
uninfected	92.57613168724279	143.2711496746204	111.1440329218107	173.2581344902386
uninfected	101.1358024691358	131.23933477946494	119.83539094650206	155.85827910339842
uninfected	207.53909465020575	150.12002892263195	235.85185185185185	174.36876355748373
uninfected	156.70781893004116	93.29284164859003	182.12345679012347	117.9117859725235
uninfected	135.50617283950618	93.66305133767173	153.02057613168725	120.13304410701373
uninfected	141.9588477366255	94.77368040491685	162.63374485596708	125.50108459869848
uninfected	125.49794238683127	69.78452639190166	147.88477366255145	90.33116413593638
uninfected	143.53909465020575	70.15473608098337	161.58024691358025	99.40130151843817
uninfected	156.97119341563786	72.0057845263919	179.09465020576133	100.882140274765
uninfected	175.1440329218107	70.89515545914678	195.02880658436214	95.51409978308025
uninfected	176.98765432098764	87.55459146782357	202.66666666666666	109.9522776572668
uninfected	195.02880658436214	102.36297903109183	214.78189300411523	131.60954446854663
uninfected	186.99588477366254	126.24150397686189	205.03703703703704	151.78597252349965
uninfected	158.68312757201647	113.46926970354302	183.440329218107	136.60737527114966
uninfected	171.58847736625515	121.79898770788142	193.7119341563786	147.89877078814172
