uninfected	174.22222222222223	176.21981200289227	190.68312757201647	199.72812725958062
uninfected	140.64197530864197	83.29718004338395	156.5761316872428	108.28633405639913
uninfected	20.14814814814815	186.95589298626174	37.925925925925924	208.61315979754158
uninfected	123.65432098765432	206.76211135213305	141.56378600823047	231.56616052060738
uninfected	205.4320987654321	77.74403470715835	221.89300411522635	102.54808387563268
uninfected	49.51440329218107	211.20462762111353	64.39506172839506	233.7874186550976
uninfected	62.41975308641975	173.62834417932032	78.09053497942386	194.91540130151844
uninfected	185.4156378600823	145.30730296456977	201.61316872427983	171.22198120028924
uninfected	204.37860082304528	131.05422993492408	223.7366255144033	154.56254519161243
uninfected	44.77366255144033	123.8351409978308	63.20987654320987	148.08387563268258
uninfected	60.44444444444444	151.6008676789588	76.11522633744856	176.59002169197396
uninfected	94.2880658436214	174.5538684020246	112.06584362139918	199.91323210412148
uninfected	92.57613168724279	196.58134490238612	109.56378600823045	218.23861171366593
uninfected	175.93415637860082	8.6999276934201	196.08230452674897	32.94866232827187
uninfected	136.69135802469137	120.31814895155459	154.99588477366254	147.52856109906003
uninfected	111.01234567901234	123.8351409978308	129.31687242798353	150.12002892263195
uninfected	144.72427983539094	104.0289226319595	164.74074074074073	126.05639913232105
uninfected	225.05349794238683	117.9117859725235	243.62139917695472	142.71583514099783
uninfected	13.563786008230453	145.6775126536515	31.868312757201647	169.7411424439624
uninfected	105.21810699588477	6.478669558929862	124.18106995884774	31.6529284164859
uninfected	55.7037037037037	61.63991323210412	74.40329218106996	86.999276934201
uninfected	83.09465020576131	154.00723065798988	101.00411522633745	181.9580621836587
uninfected	208.98765432098764	59.78886478669559	229.1358024691358	84.96312364425162
uninfected	155.65432098765433	90.33116413593638	172.77366255144034	110.87780187997107
uninfected	50.83127572016461	88.66522053506868	68.8724279835391	115.5054229934924
uninfected	232.42798353909464	224.7172812725958	252.44444444444446	250.26174981923356
uninfected	82.5679012345679	70.33984092552423	101.1358024691358	96.99493853940709
uninfected	113.51440329218107	221.75560375994215	128.52674897119343	251.74258857556038
uninfected	37.53086419753087	54.9761388286334	54.123456790123456	86.2588575560376
uninfected	157.23456790123456	227.49385394070862	174.6172839506173	253.77874186550977
uninfected	166.320987654321	80.15039768618945	182.78189300411523	107.91612436731742
uninfected	2.2386831275720165	220.27476500361533	20.938271604938272	245.81923355025307
uninfected	127.20987654320987	184.73463485177152	147.35802469135803	211.01952277657267
uninfected	186.46913580246914	24.989154013015185	203.9835390946502	48.86767895878525
uninfected	22.123456790123456	71.45046999276934	40.82304526748971	96.62472885032538
uninfected	218.33744855967078	93.29284164859003	235.58847736625515	123.65003615328995
uninfected	16.59259259259259	117.72668112798264	33.44855967078189	146.04772234273318
uninfected	126.41975308641975	11.4765003615329	145.51440329218107	37.94649313087491
uninfected	183.7037037037037	109.2118582791034	199.3744855967078	141.60520607375273
uninfected	23.440329218106996	44.610267534345624	40.69135802469136	74.7823571945047
uninfected	34.76543209876543	83.85249457700651	50.5679012345679	110.87780187997107
uninfected	9.481481481481481	55.71655820679682	23.703703703703702	91.62689804772235
uninfected	129.05349794238683	85.33333333333333	144.32921810699588	122.53940708604483
uninfected	8.691358024691358	101.06724511930585	25.152263374485596	132.5350686912509
uninfected	37.135802469135804	170.29645697758497	57.81069958847737	191.5835140997831
uninfected	16.19753086419753	161.0412147505423	39.76954732510288	189.36225596529283
uninfected	71.11111111111111	72.37599421547361	84.93827160493827	114.39479392624729
uninfected	18.041152263374485	4.812725958062184	37.66255144032922	34.05929139551699
uninfected	28.181069958847736	112.54374548083875	42.79835390946502	141.97541576283442
uninfected	70.97942386831275	215.09182935647144	84.80658436213992	248.59580621836588
uninfected	199.90123456790124	115.87563268257412	217.54732510288065	138.4584237165582
uninfected	198.84773662551441	93.66305133767173	220.18106995884773	118.28199566160521
uninfected	177.3827160493827	94.9587852494577	191.47325102880657	121.058568329718
uninfected	65.58024691358025	94.03326102675344	78.48559670781893	134.20101229211858
uninfected	65.58024691358025	186.4005784526392	85.86008230452676	209.72378886478668
uninfected	0.0	40.352856109906	11.720164609053498	77.00361532899494
infected	165.26748971193416	107.54591467823572	184.09876543209876	138.64352856109906
infected	33.18518518518518	212.68546637744035	50.17283950617284	235.823571945047
uninfected	59.390946502057616	210.0939985538684	79.27572016460906	238.60014461315978
