uninfected	69.00411522633745	174.5538684020246	86.78189300411523	198.06218365871294
uninfected	110.48559670781893	148.45408532176427	127.86831275720165	173.44323933477946
uninfected	112.46090534979425	191.21330441070137	129.1851851851852	216.0173535791757
uninfected	71.11111111111111	198.9877078814172	88.62551440329219	225.0874909616775
uninfected	152.88888888888889	220.4598698481562	172.77366255144034	244.1532899493854
uninfected	8.164609053497943	176.0347071583514	25.94238683127572	201.3940708604483
uninfected	141.30041152263374	42.38900939985539	157.62962962962962	64.41648590021693
uninfected	89.67901234567901	156.96890817064352	106.53497942386831	182.51337671728126
uninfected	40.82304526748971	74.412147505423	59.522633744855966	95.51409978308025
uninfected	50.699588477366255	91.62689804772235	66.63374485596708	113.46926970354302
uninfected	95.60493827160494	191.95372378886478	113.25102880658436	213.9812002892263
uninfected	69.39917695473251	133.8308026030369	87.440329218107	157.70932754880695
uninfected	136.42798353909464	184.17932031814894	154.8641975308642	212.8705712219812
uninfected	45.4320987654321	216.94287780187997	67.81893004115226	241.56182212581345
uninfected	70.45267489711934	109.2118582791034	88.62551440329219	134.75632682574116
uninfected	9.876543209876543	84.40780911062907	27.127572016460906	111.43311641359364
uninfected	154.46913580246914	125.87129428778019	171.7201646090535	152.89660159074475
uninfected	125.49794238683127	159.56037599421546	144.19753086419752	186.4005784526392
uninfected	59.65432098765432	150.49023861171366	78.61728395061728	176.0347071583514
uninfected	146.17283950617283	199.35791757049893	167.50617283950618	226.56832971800435
uninfected	180.80658436213992	91.62689804772235	197.26748971193416	119.57772957339118
uninfected	52.2798353909465	109.5820679681851	71.11111111111111	135.6818510484454
uninfected	197.66255144032922	124.02024584237165	218.07407407407408	148.08387563268258
uninfected	92.70781893004116	77.74403470715835	105.87654320987654	116.24584237165583
uninfected	82.69958847736625	235.4533622559653	100.47736625514403	255.81489515545914
uninfected	148.14814814814815	66.63774403470715	166.71604938271605	94.21836587129428
uninfected	35.818930041152264	94.588575560376	52.2798353909465	125.50108459869848
uninfected	109.95884773662551	226.93853940708604	130.50205761316872	251.92769342010124
uninfected	0.0	105.87997107736804	15.012345679012345	130.68402024584236
infected	72.29629629629629	75.5227765726681	91.52263374485597	109.5820679681851
