uninfected	205.82716049382717	122.72451193058568	223.60493827160494	145.1221981200289
uninfected	220.44444444444446	54.9761388286334	239.01234567901236	74.7823571945047
uninfected	164.47736625514403	63.86117136659436	179.62139917695472	88.66522053506868
uninfected	43.06172839506173	121.058568329718	61.36625514403292	144.0115690527838
uninfected	161.05349794238683	34.984815618221255	180.54320987654322	57.7527114967462
uninfected	95.34156378600824	186.95589298626174	113.51440329218107	211.94504699927694
uninfected	229.53086419753086	12.216919739696312	250.46913580246914	37.020968908170644
uninfected	164.08230452674897	119.57772957339118	182.5185185185185	144.3817787418655
uninfected	62.68312757201646	170.29645697758497	83.22633744855968	196.58134490238612
uninfected	28.181069958847736	39.42733188720174	46.22222222222222	61.63991323210412
uninfected	144.06584362139918	87.55459146782357	163.55555555555554	111.06290672451193
uninfected	30.68312757201646	132.34996384671004	50.43621399176955	156.96890817064352
uninfected	79.01234567901234	98.84598698481562	97.05349794238683	126.42660882140275
uninfected	41.349794238683124	59.418655097613886	57.28395061728395	82.00144613159797
uninfected	12.510288065843621	12.587129428778018	32.0	37.94649313087491
uninfected	110.22222222222223	47.571945046999275	129.84362139917695	73.85683297180043
uninfected	51.09465020576132	98.29067245119306	70.32098765432099	123.8351409978308
uninfected	218.46913580246914	144.0115690527838	242.96296296296296	164.1879971077368
uninfected	109.30041152263375	154.37744034707157	128.2633744855967	181.587852494577
uninfected	7.901234567901234	83.85249457700651	25.94238683127572	100.5119305856833
uninfected	233.87654320987653	197.32176428054953	253.62962962962962	222.12581344902387
uninfected	9.481481481481481	45.720896601590745	28.181069958847736	71.26536514822848
uninfected	66.23868312757202	4.997830802603037	86.2551440329218	30.912509038322487
uninfected	202.93004115226339	187.32610267534346	225.31687242798353	206.02169197396964
uninfected	141.82716049382717	66.82284887924801	162.76543209876544	90.88647866955893
uninfected	157.36625514403292	0.5553145336225597	175.93415637860082	29.98698481561822
uninfected	220.44444444444446	210.27910339840926	239.1440329218107	235.0831525668836
uninfected	155.25925925925927	97.55025307302965	173.03703703703704	130.31381055676067
uninfected	64.52674897119341	116.06073752711497	85.59670781893004	144.56688358640636
uninfected	37.925925925925924	86.07375271149675	57.67901234567901	110.69269703543023
uninfected	0.0	100.882140274765	17.25102880658436	126.24150397686189
uninfected	225.58024691358025	230.2704266088214	243.22633744855966	255.81489515545914
uninfected	198.320987654321	173.998553868402	222.02469135802468	190.84309472161968
uninfected	0.13168724279835392	150.86044830079538	16.987654320987655	172.8879248011569
infected	209.90946502057614	202.8749096167751	227.1604938271605	224.90238611713667
infected	154.8641975308642	165.85394070860448	172.2469135802469	191.5835140997831
infected	176.46090534979425	0.37020968908170643	197.79423868312756	24.618944323933476
