uninfected	56.098765432098766	204.35574837310196	72.03292181069959	227.8640636297903
uninfected	233.4814814814815	157.15401301518438	251.25925925925927	180.84743311641358
uninfected	126.68312757201646	209.16847433116413	142.880658436214	231.38105567606652
uninfected	198.84773662551441	39.79754157628344	215.04526748971193	61.63991323210412
uninfected	90.60082304526749	53.86550976138829	108.51028806584362	79.96529284164859
uninfected	212.0164609053498	57.3825018076645	229.00411522633746	81.63123644251627
uninfected	89.02057613168725	6.478669558929862	106.13991769547324	30.357194504699926
uninfected	201.08641975308643	221.940708604483	216.09876543209876	245.81923355025307
uninfected	226.50205761316872	44.05495300072307	243.09465020576133	66.63774403470715
uninfected	33.97530864197531	187.32610267534346	50.5679012345679	210.64931308749095
uninfected	35.818930041152264	62.38033261026754	52.674897119341566	83.4822848879248
uninfected	58.732510288065846	181.9580621836587	73.87654320987654	201.0238611713666
uninfected	11.061728395061728	214.16630513376717	29.497942386831276	238.9703543022415
uninfected	152.88888888888889	45.16558206796819	169.61316872427983	70.15473608098337
uninfected	100.21399176954732	21.84237165582068	118.78189300411523	46.2762111352133
uninfected	37.925925925925924	102.54808387563268	52.93827160493827	123.8351409978308
uninfected	53.333333333333336	161.0412147505423	67.6872427983539	185.28994938539407
uninfected	214.91358024691357	12.03181489515546	229.79423868312756	30.357194504699926
uninfected	116.93827160493827	4.812725958062184	135.50617283950618	32.76355748373102
uninfected	220.8395061728395	125.50108459869848	244.2798353909465	145.6775126536515
uninfected	41.74485596707819	168.81561822125815	56.757201646090536	186.58568329718005
uninfected	70.71604938271605	0.0	89.54732510288066	24.248734634851772
infected	108.64197530864197	53.680404916847436	125.36625514403292	81.44613159797541
infected	70.97942386831275	84.96312364425162	93.10288065843622	100.1417208966016
