uninfected	192.0	175.84960231381055	209.90946502057614	198.9877078814172
uninfected	41.48148148148148	124.39045553145336	60.181069958847736	149.93492407809111
uninfected	209.119341563786	155.85827910339842	224.52674897119343	178.62617498192336
uninfected	41.48148148148148	76.44830079537238	58.46913580246913	99.40130151843817
uninfected	55.30864197530864	15.733911785972523	72.69135802469135	42.57411424439624
uninfected	28.049382716049383	17.21475054229935	46.22222222222222	45.53579175704989
uninfected	93.10288065843622	104.21402747650036	111.01234567901234	131.23933477946494
uninfected	101.53086419753086	74.22704266088213	119.96707818930041	100.882140274765
uninfected	26.20576131687243	123.8351409978308	42.666666666666664	145.86261749819232
uninfected	13.432098765432098	34.7997107736804	32.0	60.159074475777295
uninfected	216.3621399176955	172.33261026753433	233.87654320987653	197.13665943600867
uninfected	178.3045267489712	131.60954446854663	193.4485596707819	156.04338394793928
uninfected	149.46502057613168	130.31381055676067	162.37037037037038	152.15618221258134
uninfected	214.12345679012347	90.70137382501808	233.21810699588477	118.83731019522777
uninfected	96.0	61.45480838756327	112.32921810699588	82.74186550976138
uninfected	154.07407407407408	144.56688358640636	171.9835390946502	171.22198120028924
uninfected	37.66255144032922	156.96890817064352	53.86008230452675	176.77512653651482
uninfected	226.50205761316872	195.8409255242227	241.25102880658437	213.79609544468548
uninfected	133.00411522633746	131.23933477946494	148.0164609053498	154.37744034707157
uninfected	61.10288065843621	69.96963123644251	74.93004115226337	92.73752711496746
uninfected	95.60493827160494	131.97975415762835	112.98765432098766	149.74981923355026
uninfected	72.03292181069959	5.368040491684743	89.81069958847736	35.35502530730297
uninfected	72.03292181069959	70.52494577006507	85.46502057613169	93.66305133767173
uninfected	51.75308641975309	60.529284164859	65.9753086419753	83.66738973246565
uninfected	69.66255144032922	53.12509038322487	87.17695473251028	73.48662328271872
uninfected	165.00411522633746	176.0347071583514	181.59670781893004	196.58134490238612
uninfected	170.66666666666666	137.53289949385393	186.73251028806584	163.26247288503254
uninfected	160.39506172839506	187.881417208966	179.4897119341564	207.50253073029646
uninfected	234.93004115226339	188.62183658712942	249.54732510288065	213.42588575560376
uninfected	230.45267489711935	169.55603759942156	245.59670781893004	188.06652205350687
uninfected	113.51440329218107	54.420824295010846	130.76543209876544	86.07375271149675
uninfected	86.2551440329218	133.64569775849603	99.1604938271605	154.19233550253074
uninfected	107.98353909465021	116.98626174981923	125.36625514403292	147.71366594360086
uninfected	85.06995884773663	12.772234273318873	99.81893004115226	44.24005784526392
uninfected	131.81893004115227	112.91395516992046	151.57201646090536	134.941431670282
uninfected	119.57201646090535	71.6355748373102	135.76954732510288	96.43962400578452
uninfected	36.477366255144034	33.31887201735358	53.991769547325106	57.56760665220535
uninfected	5.004115226337449	220.64497469269705	23.83539094650206	251.55748373101952
uninfected	172.37860082304528	153.0817064352856	187.52263374485597	171.96240057845264
uninfected	135.3744855967078	140.8647866955893	152.49382716049382	162.89226319595082
uninfected	192.52674897119343	135.3116413593637	210.17283950617283	160.3007953723789
uninfected	132.47736625514403	65.15690527838034	150.65020576131687	96.25451916124368
uninfected	167.24279835390948	159.74548083875632	185.4156378600823	186.21547360809834
uninfected	153.679012345679	171.77729573391179	168.8230452674897	188.06652205350687
uninfected	203.06172839506172	197.32176428054953	217.28395061728395	216.20245842371656
uninfected	18.304526748971192	0.5553145336225597	33.97530864197531	32.20824295010846
uninfected	225.31687242798353	148.63919016630513	247.7037037037037	172.8879248011569
uninfected	88.88888888888889	122.35430224150397	105.48148148148148	146.04772234273318
uninfected	189.62962962962962	66.82284887924801	207.53909465020575	96.62472885032538
uninfected	209.90946502057614	210.8344179320318	227.02880658436214	240.63629790310918
uninfected	223.47325102880657	215.46203904555315	240.72427983539094	245.07881417208966
uninfected	158.15637860082305	113.46926970354302	178.5679012345679	132.72017353579176
uninfected	124.18106995884774	25.544468546637745	140.37860082304528	57.56760665220535
uninfected	154.6008230452675	32.76355748373102	171.58847736625515	62.19522776572668
uninfected	165.3991769547325	46.646420824295014	177.77777777777777	85.88864786695589
uninfected	133.00411522633746	158.07953723788864	151.57201646090536	175.6644974692697
uninfected	76.64197530864197	42.759219088937094	94.41975308641975	64.97180043383948
uninfected	186.99588477366254	91.07158351409979	202.93004115226339	120.13304410701373
uninfected	104.16460905349794	10.92118582791034	124.97119341563786	44.05495300072307
uninfected	12.510288065843621	57.197396963123644	26.732510288065843	78.11424439624005
uninfected	184.23045267489712	170.85177151120752	197.92592592592592	186.77078814172089
uninfected	167.50617283950618	81.26102675343456	181.06995884773661	116.80115690527838
uninfected	132.08230452674897	86.07375271149675	148.93827160493828	104.95444685466377
uninfected	112.5925925925926	19.065798987707883	130.50205761316872	56.271872740419376
uninfected	118.91358024691358	109.2118582791034	131.55555555555554	132.1648590021692
uninfected	150.2551440329218	59.23355025307303	167.76954732510288	91.44179320318149
uninfected	156.18106995884773	84.59291395516992	172.64197530864197	119.02241503976862
uninfected	177.77777777777777	80.52060737527115	192.39506172839506	109.9522776572668
uninfected	122.20576131687243	103.10339840925525	139.7201646090535	124.02024584237165
uninfected	149.20164609053498	157.5242227042661	160.65843621399176	173.998553868402
uninfected	98.23868312757202	1.1106290672451193	117.06995884773663	24.248734634851772
uninfected	131.9506172839506	43.4996384671005	146.3045267489712	68.30368763557483
uninfected	39.242798353909464	140.4945770065076	49.64609053497942	164.1879971077368
uninfected	227.4238683127572	121.4287780187997	250.33744855967078	154.00723065798988
uninfected	130.63374485596708	27.765726681127983	153.28395061728395	69.04410701373826
uninfected	143.53909465020575	40.908170643528564	158.8148148148148	77.74403470715835
uninfected	60.839506172839506	128.83297180043385	81.25102880658436	154.37744034707157
infected	224.0	103.47360809833695	241.77777777777777	141.04989154013015
infected	199.3744855967078	83.85249457700651	218.33744855967078	122.90961677512654
infected	139.45679012345678	91.25668835864063	160.2633744855967	119.76283441793203
infected	68.21399176954732	134.5712219812003	88.23045267489712	157.5242227042661
uninfected	112.32921810699588	92.92263195950831	130.50205761316872	120.31814895155459
uninfected	62.946502057613166	26.655097613882862	85.59670781893004	50.16341287057122
uninfected	175.67078189300412	52.01446131597975	192.2633744855967	80.705712219812
infected	1.5802469135802468	50.90383224873464	13.695473251028806	78.85466377440348
uninfected	211.4897119341564	114.57989877078815	227.1604938271605	144.56688358640636
uninfected	231.50617283950618	224.53217642805495	243.62139917695472	241.56182212581345
uninfected	86.38683127572017	61.45480838756327	98.23868312757202	83.1120751988431
uninfected	43.193415637860085	35.72523499638467	56.098765432098766	65.15690527838034
