uninfected	181.7283950617284	89.40563991323211	198.320987654321	111.43311641359364
uninfected	196.8724279835391	60.89949385394071	215.57201646090536	84.59291395516992
uninfected	143.67078189300412	94.40347071583514	161.4485596707819	115.69052783803326
uninfected	119.96707818930041	193.98987707881417	136.8230452674897	220.83007953723788
uninfected	134.320987654321	207.13232104121474	151.57201646090536	230.64063629790311
uninfected	171.58847736625515	33.31887201735358	186.20576131687244	53.49530007230658
uninfected	105.87654320987654	172.70281995661605	123.25925925925925	194.54519161243672
uninfected	153.28395061728395	27.02530730296457	168.8230452674897	45.53579175704989
uninfected	37.66255144032922	91.8120028922632	55.96707818930041	116.43094721619667
uninfected	160.65843621399176	223.60665220535068	176.72427983539094	246.37454808387562
uninfected	175.01234567901236	138.82863340563992	191.7366255144033	167.51988430947216
uninfected	237.56378600823047	62.38033261026754	254.15637860082305	86.44396240057846
uninfected	67.02880658436214	175.294287780188	83.75308641975309	198.9877078814172
uninfected	197.1358024691358	99.40130151843817	216.23045267489712	122.90961677512654
uninfected	70.32098765432099	27.765726681127983	87.57201646090535	48.86767895878525
uninfected	110.88065843621399	23.50831525668836	128.0	45.9060014461316
uninfected	228.6090534979424	133.09038322487348	245.33333333333334	154.7476500361533
uninfected	198.84773662551441	160.48590021691973	217.28395061728395	183.6240057845264
uninfected	206.09053497942386	77.92913955169921	223.7366255144033	101.80766449746928
uninfected	87.70370370370371	29.43167028199566	105.87654320987654	52.93998553868402
uninfected	145.90946502057614	47.75704989154013	162.63374485596708	71.82067968185105
uninfected	78.88065843621399	73.85683297180043	94.55144032921811	99.95661605206074
uninfected	100.21399176954732	228.60448300795372	117.72839506172839	253.77874186550977
uninfected	229.92592592592592	81.81634128705713	247.440329218107	107.36080983369487
uninfected	153.54732510288065	138.4584237165582	170.13991769547326	161.96673897324658
uninfected	63.07818930041152	74.7823571945047	80.5925925925926	101.25234996384671
uninfected	93.36625514403292	186.95589298626174	110.88065843621399	209.72378886478668
uninfected	1.448559670781893	99.58640636297903	20.411522633744855	122.53940708604483
uninfected	198.71604938271605	136.23716558206797	216.3621399176955	160.6710050614606
uninfected	131.02880658436214	127.90744757772957	148.93827160493828	152.15618221258134
uninfected	232.16460905349794	196.9515545914678	251.78600823045267	222.12581344902387
uninfected	186.8641975308642	194.17498192335503	202.93004115226339	218.60882140274765
uninfected	79.01234567901234	52.75488069414317	96.65843621399176	71.08026030368764
uninfected	127.20987654320987	113.28416485900217	144.98765432098764	136.79248011569052
uninfected	78.22222222222223	216.57266811279825	97.18518518518519	237.85972523499638
uninfected	117.9917695473251	40.53796095444685	134.84773662551441	64.60159074475777
uninfected	92.70781893004116	61.63991323210412	111.01234567901234	82.74186550976138
uninfected	107.85185185185185	73.85683297180043	124.70781893004116	97.55025307302965
uninfected	172.2469135802469	202.31959508315256	188.0493827160494	232.3065798987708
uninfected	150.5185185185185	171.96240057845264	169.87654320987653	197.13665943600867
uninfected	19.094650205761315	60.529284164859	39.37448559670782	84.77801879971078
uninfected	46.748971193415635	109.5820679681851	64.39506172839506	137.7180043383948
uninfected	6.4526748971193415	178.99638467100507	25.94238683127572	204.54085321764282
uninfected	152.3621399176955	80.52060737527115	169.08641975308643	100.32682574114244
uninfected	162.10699588477365	80.52060737527115	178.8312757201646	104.39913232104121
uninfected	29.62962962962963	113.65437454808388	46.748971193415635	140.67968185104846
uninfected	199.6378600823045	42.01879971077368	213.9917695473251	60.71438900939985
uninfected	5.530864197530864	69.41431670281996	19.753086419753085	101.80766449746928
uninfected	64.79012345679013	46.461315979754154	82.17283950617283	76.81851048445408
uninfected	74.27160493827161	199.91323210412148	92.8395061728395	218.4237165582068
uninfected	96.92181069958848	93.66305133767173	111.27572016460906	121.79898770788142
uninfected	228.6090534979424	164.55820679681852	248.49382716049382	196.58134490238612
uninfected	163.1604938271605	130.31381055676067	179.22633744855966	154.00723065798988
uninfected	184.88888888888889	54.23571945046999	201.87654320987653	69.96963123644251
uninfected	228.47736625514403	105.13955169920463	244.41152263374485	130.1287057122198
uninfected	103.11111111111111	0.0	119.04526748971193	21.657266811279825
uninfected	85.72839506172839	128.83297180043385	107.06172839506173	156.59869848156183
uninfected	68.60905349794238	1.1106290672451193	84.01646090534979	27.58062183658713
uninfected	107.06172839506173	93.84815618221258	124.8395061728395	124.02024584237165
uninfected	81.38271604938272	90.70137382501808	100.08230452674897	123.4649313087491
uninfected	178.3045267489712	159.37527114967463	193.97530864197532	194.36008676789587
uninfected	5.399176954732511	121.058568329718	23.440329218106996	153.63702096890816
uninfected	235.7201646090535	116.43094721619667	254.15637860082305	134.5712219812003
uninfected	237.56378600823047	216.38756326825742	255.86831275720164	241.56182212581345
uninfected	225.84362139917695	232.12147505422993	246.5185185185185	255.81489515545914
uninfected	0.0	203.06001446131597	14.090534979423868	229.1597975415763
uninfected	191.0781893004115	33.133767172812725	201.87654320987653	47.75704989154013
uninfected	148.67489711934155	154.19233550253074	174.880658436214	174.92407809110628
uninfected	190.8148148148148	201.76428054953	212.54320987654322	232.67678958785248
infected	80.98765432098766	171.59219088937093	100.74074074074075	199.91323210412148
