uninfected	156.97119341563786	154.56254519161243	174.22222222222223	177.33044107013737
uninfected	174.880658436214	87.92480115690527	192.79012345679013	111.6182212581345
uninfected	117.59670781893004	105.50976138828634	135.24279835390948	128.647866955893
uninfected	129.4485596707819	74.7823571945047	145.51440329218107	98.84598698481562
uninfected	232.16460905349794	189.9175704989154	250.46913580246914	213.61099060014462
uninfected	196.21399176954733	114.95010845986985	212.2798353909465	135.6818510484454
uninfected	45.69547325102881	170.48156182212583	64.26337448559671	194.36008676789587
uninfected	51.22633744855967	77.74403470715835	67.1604938271605	105.13955169920463
uninfected	195.81893004115227	94.9587852494577	214.2551440329218	115.5054229934924
uninfected	160.65843621399176	188.99204627621114	180.67489711934155	213.2407809110629
uninfected	194.37037037037038	3.1467823571945046	212.54320987654322	31.09761388286334
uninfected	92.97119341563786	23.13810556760665	109.16872427983539	47.94215473608099
uninfected	78.61728395061728	7.033984092552422	97.44855967078189	31.6529284164859
uninfected	159.86831275720164	20.73174258857556	178.5679012345679	47.38684020245842
uninfected	130.23868312757202	26.46999276934201	150.65020576131687	51.08893709327549
uninfected	42.13991769547325	28.135936370209688	60.181069958847736	52.75488069414317
uninfected	133.79423868312756	138.82863340563992	152.09876543209876	160.6710050614606
uninfected	110.09053497942386	32.023138105567604	132.6090534979424	55.90166305133767
uninfected	58.732510288065846	3.1467823571945046	77.6954732510288	26.46999276934201
uninfected	42.534979423868315	106.25018076644974	60.44444444444444	132.72017353579176
uninfected	68.21399176954732	22.027476500361534	84.54320987654322	47.94215473608099
uninfected	224.0	77.5589298626175	243.22633744855966	102.73318872017353
uninfected	211.09465020576133	65.15690527838034	230.84773662551441	92.36731742588576
uninfected	160.39506172839506	74.22704266088213	173.6954732510288	97.7353579175705
uninfected	44.77366255144033	194.36008676789587	66.37037037037037	214.90672451193058
uninfected	138.93004115226339	8.6999276934201	159.60493827160494	36.65075921908894
uninfected	226.50205761316872	106.0650759219089	245.86008230452674	133.64569775849603
uninfected	205.9588477366255	137.16268980477224	224.79012345679013	159.56037599421546
uninfected	185.81069958847738	121.24367317425886	203.32510288065845	146.4179320318149
uninfected	177.90946502057614	150.3051337671728	197.00411522633746	177.51554591467823
uninfected	67.95061728395062	144.19667389732464	81.51440329218107	166.40925524222703
uninfected	11.588477366255145	208.98336948662327	30.02469135802469	236.74909616775128
uninfected	79.4074074074074	33.50397686189443	97.7119341563786	57.93781634128706
uninfected	209.90946502057614	0.925524222704266	228.74074074074073	28.321041214750544
uninfected	27.65432098765432	94.588575560376	46.88065843621399	120.31814895155459
uninfected	140.11522633744855	170.48156182212583	160.79012345679013	189.9175704989154
uninfected	26.732510288065843	62.75054229934924	48.592592592592595	86.999276934201
uninfected	54.25514403292181	18.880694143167027	70.5843621399177	50.348517715112074
uninfected	149.33333333333334	112.54374548083875	168.69135802469137	136.79248011569052
uninfected	57.81069958847737	116.24584237165583	77.95884773662551	145.86261749819232
uninfected	212.14814814814815	117.72668112798264	231.3744855967078	147.71366594360086
uninfected	14.617283950617283	0.0	30.68312757201646	25.35936370209689
uninfected	145.90946502057614	74.96746203904556	163.9506172839506	99.58640636297903
uninfected	53.991769547325106	151.0455531453362	70.05761316872427	178.0708604483008
uninfected	213.33333333333334	91.99710773680405	229.79423868312756	120.31814895155459
uninfected	90.73251028806584	233.97252349963847	107.58847736625515	255.81489515545914
infected	70.5843621399177	108.65654374548083	91.78600823045268	135.49674620390456
