uninfected	2.2386831275720165	67.56326825741142	21.333333333333332	92.73752711496746
uninfected	226.37037037037038	95.69920462762111	240.98765432098764	117.17136659436008
uninfected	32.26337448559671	44.610267534345624	50.96296296296296	67.93347794649313
uninfected	1.1851851851851851	92.73752711496746	20.938271604938272	116.43094721619667
uninfected	106.27160493827161	74.22704266088213	127.47325102880659	96.62472885032538
uninfected	142.22222222222223	84.77801879971078	163.1604938271605	106.0650759219089
uninfected	88.75720164609054	165.66883586406362	107.85185185185185	191.5835140997831
uninfected	73.61316872427983	45.53579175704989	91.78600823045268	73.67172812725958
uninfected	70.18930041152264	156.96890817064352	90.60082304526749	181.77295733911785
uninfected	58.205761316872426	69.96963123644251	78.35390946502058	94.21836587129428
uninfected	100.34567901234568	149.1945046999277	117.86008230452676	170.66666666666666
uninfected	213.86008230452674	179.36659436008676	233.7448559670782	205.09616775126537
uninfected	167.90123456790124	11.106290672451193	188.97119341563786	37.2060737527115
uninfected	114.04115226337449	37.5762834417932	131.9506172839506	62.19522776572668
uninfected	228.47736625514403	136.97758496023138	249.54732510288065	158.6348517715112
uninfected	213.06995884773661	16.10412147505423	233.08641975308643	39.24222704266088
uninfected	165.79423868312756	209.353579175705	185.15226337448559	238.78524945770064
uninfected	99.6872427983539	200.46854663774403	118.91358024691358	229.1597975415763
uninfected	129.58024691358025	25.729573391178597	148.41152263374485	50.71872740419378
uninfected	118.65020576131687	210.8344179320318	140.11522633744855	236.9342010122921
uninfected	181.7283950617284	203.61532899493855	198.0576131687243	233.23210412147506
uninfected	190.94650205761317	199.54302241503976	208.59259259259258	226.75343456254518
uninfected	16.987654320987655	44.795372378886476	35.55555555555556	72.0057845263919
uninfected	184.3621399176955	176.21981200289227	203.58847736625515	202.8749096167751
uninfected	31.078189300411523	156.96890817064352	51.22633744855967	183.6240057845264
uninfected	151.30864197530863	71.45046999276934	170.53497942386832	89.59074475777295
uninfected	189.10288065843622	54.9761388286334	208.8559670781893	78.29934924078091
uninfected	79.93415637860082	2.7765726681127982	101.92592592592592	27.765726681127983
uninfected	102.97942386831275	46.831525668835866	124.18106995884774	73.48662328271872
uninfected	145.90946502057614	141.60520607375273	163.6872427983539	161.59652928416486
uninfected	172.2469135802469	159.56037599421546	192.9218106995885	182.88358640636298
uninfected	137.61316872427983	159.56037599421546	156.70781893004116	185.66015907447579
uninfected	11.325102880658436	159.74548083875632	27.522633744855966	186.77078814172089
uninfected	76.64197530864197	177.7006507592191	95.60493827160494	202.1344902386117
uninfected	209.64609053497944	106.99060014461315	230.0576131687243	131.42443962400577
uninfected	49.90946502057613	162.89226319595082	70.71604938271605	189.177151120752
uninfected	85.46502057613169	192.87924801156905	103.63786008230453	221.2002892263196
uninfected	149.46502057613168	8.144613159797542	170.13991769547326	31.6529284164859
uninfected	96.92181069958848	23.878524945770064	115.48971193415638	48.86767895878525
uninfected	206.35390946502056	199.17281272595807	226.37037037037038	224.3470715835141
uninfected	221.49794238683128	156.2284887924801	240.06584362139918	183.6240057845264
uninfected	168.2962962962963	175.84960231381055	186.20576131687244	203.61532899493855
uninfected	186.20576131687244	139.1988430947216	202.53497942386832	166.03904555314534
uninfected	155.91769547325103	156.41359363702097	174.74897119341563	180.66232827187275
uninfected	54.25514403292181	10.92118582791034	73.34979423868313	38.872017353579174
uninfected	179.7530864197531	35.169920462762114	206.09053497942386	53.86550976138829
uninfected	188.44444444444446	110.50759219088937	210.17283950617283	137.3477946493131
uninfected	145.77777777777777	47.75704989154013	165.26748971193416	71.82067968185105
uninfected	8.03292181069959	10.550976138828634	24.88888888888889	40.53796095444685
uninfected	203.7201646090535	153.26681127982647	227.1604938271605	183.6240057845264
uninfected	9.876543209876543	183.80911062906725	28.839506172839506	209.90889370932754
uninfected	139.19341563786008	104.21402747650036	161.58024691358025	131.23933477946494
uninfected	154.33744855967078	40.53796095444685	175.1440329218107	62.935647143890094
uninfected	106.40329218106996	166.9645697758496	125.76131687242798	191.76861894432395
uninfected	200.559670781893	143.82646420824295	220.3127572016461	169.00072306579898
uninfected	165.00411522633746	87.73969631236443	187.1275720164609	111.06290672451193
uninfected	123.65432098765432	187.881417208966	140.90534979423867	213.9812002892263
uninfected	194.10699588477365	22.582791033984094	217.9423868312757	48.682574114244396
uninfected	201.7448559670782	88.29501084598698	222.94650205761317	115.1352133044107
uninfected	12.510288065843621	0.18510484454085321	32.39506172839506	24.248734634851772
uninfected	143.53909465020575	2.7765726681127982	157.10288065843622	22.212581344902386
uninfected	208.8559670781893	128.27765726681127	235.32510288065845	149.74981923355026
uninfected	107.45679012345678	190.2877801879971	126.68312757201646	215.647143890094
uninfected	63.34156378600823	20.916847433116413	84.41152263374485	42.944323933477946
uninfected	158.8148148148148	106.62039045553145	180.67489711934155	131.23933477946494
uninfected	88.09876543209876	35.54013015184382	109.03703703703704	63.3058568329718
uninfected	138.2716049382716	229.9002169197397	159.47325102880657	256.0
uninfected	138.66666666666666	189.9175704989154	151.96707818930042	213.42588575560376
infected	147.35802469135803	177.51554591467823	172.5102880658436	212.31525668835863
infected	117.72839506172839	148.08387563268258	144.72427983539094	177.88575560375995
uninfected	212.14814814814815	68.48879248011569	233.4814814814815	98.29067245119306
uninfected	160.79012345679013	119.39262472885032	188.5761316872428	144.19667389732464
uninfected	146.17283950617283	114.20968908170643	163.02880658436214	143.45625451916123
uninfected	152.75720164609052	27.02530730296457	179.4897119341564	45.720896601590745
uninfected	139.19341563786008	211.94504699927694	165.1358024691358	238.60014461315978
uninfected	151.04526748971193	206.76211135213305	167.76954732510288	231.75126536514824
uninfected	122.46913580246914	171.77729573391179	142.74897119341563	193.0643528561099
uninfected	164.6090534979424	131.97975415762835	190.5514403292181	160.85610990600145
uninfected	80.98765432098766	19.250903832248735	103.90123456790124	48.12725958062184
