uninfected	225.97530864197532	147.1583514099783	243.35802469135803	169.7411424439624
uninfected	68.60905349794238	102.36297903109183	88.09876543209876	124.20535068691251
uninfected	69.79423868312757	20.73174258857556	86.38683127572017	43.68474331164136
uninfected	189.62962962962962	212.31525668835863	209.25102880658437	233.7874186550976
uninfected	190.94650205761317	166.03904555314534	207.40740740740742	188.99204627621114
uninfected	42.13991769547325	103.84381778741866	58.205761316872426	129.7584960231381
uninfected	167.90123456790124	101.43745480838756	187.91769547325103	123.4649313087491
uninfected	1.8436213991769548	84.03759942154736	19.621399176954732	108.10122921185828
uninfected	176.59259259259258	139.7541576283442	195.55555555555554	164.55820679681852
uninfected	188.5761316872428	23.323210412147507	207.01234567901236	49.0527838033261
uninfected	58.205761316872426	125.50108459869848	77.4320987654321	148.26898047722344
uninfected	91.25925925925925	4.6276211135213305	107.98353909465021	26.840202458423718
uninfected	27.390946502057613	63.86117136659436	45.82716049382716	88.29501084598698
uninfected	159.86831275720164	47.20173535791757	175.93415637860082	65.89732465654374
uninfected	111.93415637860082	110.87780187997107	132.6090534979424	133.8308026030369
uninfected	129.05349794238683	208.79826464208242	149.46502057613168	231.19595083152566
uninfected	107.06172839506173	35.72523499638467	126.41975308641975	56.45697758496023
uninfected	183.30864197530863	110.87780187997107	204.5102880658436	134.20101229211858
uninfected	180.80658436213992	227.49385394070862	199.90123456790124	245.07881417208966
uninfected	203.45679012345678	6.108459869848156	222.2880658436214	25.544468546637745
uninfected	204.64197530864197	155.67317425885756	223.86831275720164	178.81127982646422
uninfected	194.23868312757202	133.8308026030369	210.96296296296296	157.70932754880695
uninfected	129.4485596707819	2.406362979031092	149.06995884773661	28.321041214750544
uninfected	85.06995884773663	26.840202458423718	106.66666666666667	48.31236442516269
uninfected	106.27160493827161	76.63340563991324	126.15637860082305	104.39913232104121
uninfected	87.83539094650206	54.23571945046999	108.77366255144032	75.70788141720897
uninfected	17.77777777777778	202.50469992769342	37.00411522633745	230.64063629790311
uninfected	121.4156378600823	92.36731742588576	140.77366255144034	116.80115690527838
uninfected	22.781893004115226	150.86044830079538	44.90534979423868	172.33261026753433
uninfected	150.2551440329218	202.8749096167751	173.6954732510288	226.75343456254518
uninfected	9.876543209876543	47.94215473608099	32.79012345679013	70.52494577006507
uninfected	3.950617283950617	206.5770065075922	23.967078189300413	234.15762834417933
uninfected	239.53909465020575	27.395516992046275	256.0	49.0527838033261
uninfected	16.724279835390945	235.4533622559653	37.00411522633745	255.81489515545914
infected	135.76954732510288	141.234996384671	154.6008230452675	165.11352133044107
infected	107.58847736625515	2.2212581344902387	127.47325102880659	28.135936370209688
infected	231.24279835390948	164.92841648590021	250.46913580246914	188.43673174258856
