uninfected	146.0411522633745	146.04772234273318	163.9506172839506	170.29645697758497
uninfected	229.66255144032922	81.0759219088937	248.3621399176955	105.69486623282718
uninfected	42.79835390946502	149.93492407809111	60.31275720164609	174.18365871294287
uninfected	192.2633744855967	219.9045553145336	211.62139917695472	241.3767172812726
uninfected	38.97942386831276	222.68112798264642	58.205761316872426	246.74475777295734
uninfected	26.337448559670783	28.69125090383225	44.24691358024691	52.569775849602316
uninfected	42.79835390946502	196.58134490238612	61.76131687242798	223.60665220535068
uninfected	58.864197530864196	188.25162689804773	77.6954732510288	214.72161966738975
uninfected	71.37448559670781	118.28199566160521	90.33744855967078	144.19667389732464
uninfected	4.477366255144033	166.5943600867679	23.308641975308642	191.95372378886478
uninfected	148.0164609053498	198.80260303687635	168.42798353909464	222.86623282718728
uninfected	10.798353909465021	227.30874909616776	28.049382716049383	247.85538684020247
uninfected	174.74897119341563	29.80187997107737	195.02880658436214	55.53145336225597
uninfected	161.84362139917695	156.59869848156183	181.06995884773661	182.69848156182212
uninfected	121.94238683127573	101.25234996384671	141.56378600823047	129.57339117859726
uninfected	110.35390946502058	163.8177874186551	131.1604938271605	193.43456254519162
uninfected	205.1687242798354	175.10918293564714	224.65843621399176	203.4302241503977
uninfected	160.39506172839506	43.68474331164136	180.14814814814815	71.82067968185105
infected	191.60493827160494	195.1005061460593	209.51440329218107	219.53434562545192
infected	135.3744855967078	176.40491684743313	154.20576131687244	201.76428054953
infected	80.5925925925926	160.48590021691973	98.50205761316873	185.84526391901662
infected	207.80246913580248	22.9530007230658	226.89711934156378	54.05061460592914
