uninfected	22.386831275720166	228.41937816341286	41.08641975308642	253.2234273318872
uninfected	81.90946502057614	3.702096890817064	100.21399176954732	26.46999276934201
uninfected	217.15226337448559	37.76138828633405	235.9835390946502	60.71438900939985
uninfected	156.70781893004116	67.00795372378886	175.27572016460906	92.73752711496746
uninfected	104.559670781893	130.68402024584236	122.60082304526749	153.82212581344902
uninfected	82.3045267489712	208.057845263919	101.26748971193416	232.86189443239334
uninfected	94.41975308641975	225.64280549530008	113.51440329218107	251.92769342010124
uninfected	200.69135802469137	94.9587852494577	216.6255144032922	114.20968908170643
uninfected	2.2386831275720165	35.169920462762114	21.20164609053498	61.084598698481564
uninfected	112.19753086419753	160.11569052783804	128.2633744855967	183.6240057845264
uninfected	108.11522633744856	30.727404193781634	127.60493827160494	58.67823571945047
uninfected	142.48559670781893	53.680404916847436	161.4485596707819	81.0759219088937
uninfected	116.01646090534979	10.550976138828634	133.92592592592592	34.4295010845987
uninfected	67.29218106995884	219.53434562545192	86.65020576131687	246.9298626174982
uninfected	116.41152263374485	186.03036876355748	134.0576131687243	207.50253073029646
uninfected	172.77366255144034	97.7353579175705	192.9218106995885	119.39262472885032
uninfected	5.530864197530864	206.9472161966739	24.362139917695472	234.89804772234274
uninfected	174.6172839506173	57.7527114967462	190.68312757201647	82.18655097613883
uninfected	46.09053497942387	2.9616775126536514	65.18518518518519	28.506146059291396
uninfected	53.72839506172839	201.57917570498915	71.24279835390946	224.3470715835141
uninfected	224.39506172839506	15.54880694143167	244.41152263374485	41.46348517715112
uninfected	158.2880658436214	226.75343456254518	176.8559670781893	254.51916124367318
uninfected	239.80246913580248	152.89660159074475	255.86831275720164	176.0347071583514
uninfected	178.0411522633745	213.9812002892263	196.8724279835391	241.7469269703543
uninfected	14.880658436213992	168.44540853217643	34.10699588477366	195.65582067968185
uninfected	174.35390946502056	119.39262472885032	193.1851851851852	143.2711496746204
uninfected	51.88477366255144	232.12147505422993	69.66255144032922	255.81489515545914
uninfected	169.7448559670782	25.91467823571945	191.0781893004115	51.27404193781634
uninfected	237.4320987654321	40.16775126536515	255.7366255144033	67.93347794649313
infected	137.61316872427983	176.59002169197396	159.0781893004115	203.4302241503977
infected	19.094650205761315	6.848879248011569	38.71604938271605	33.87418655097614
infected	158.94650205761317	182.14316702819957	177.3827160493827	208.98336948662327
