uninfected	74.66666666666667	229.9002169197397	92.3127572016461	252.8532176428055
uninfected	164.47736625514403	93.84815618221258	181.9917695473251	116.43094721619667
uninfected	39.50617283950617	194.91540130151844	55.7037037037037	216.57266811279825
uninfected	67.1604938271605	100.5119305856833	84.01646090534979	122.90961677512654
uninfected	25.152263374485596	149.74981923355026	44.11522633744856	172.1475054229935
uninfected	13.432098765432098	187.51120751988432	29.893004115226336	209.53868402024585
uninfected	158.15637860082305	226.56832971800435	175.93415637860082	251.00216919739697
uninfected	138.0082304526749	208.79826464208242	154.6008230452675	234.15762834417933
uninfected	111.53909465020575	186.95589298626174	129.4485596707819	209.90889370932754
uninfected	104.82304526748972	119.57772957339118	122.73251028806584	143.45625451916123
uninfected	82.04115226337449	206.2067968185105	99.55555555555556	229.71511207519885
uninfected	57.94238683127572	163.4475777295734	76.37860082304526	183.9942154736081
uninfected	49.64609053497942	141.234996384671	66.76543209876543	166.03904555314534
uninfected	20.80658436213992	116.24584237165583	38.8477366255144	137.7180043383948
uninfected	14.748971193415638	225.45770065075922	32.65843621399177	249.52133044107015
uninfected	124.04938271604938	229.1597975415763	143.01234567901236	251.55748373101952
uninfected	97.84362139917695	101.80766449746928	114.96296296296296	121.98409255242227
uninfected	52.2798353909465	20.916847433116413	68.47736625514403	39.79754157628344
uninfected	98.89711934156378	148.63919016630513	117.9917695473251	169.18582791033984
uninfected	234.13991769547326	217.12798264642083	254.02469135802468	243.04266088214027
uninfected	66.23868312757202	142.90093998553868	83.88477366255144	166.9645697758496
uninfected	36.8724279835391	69.41431670281996	54.38683127572016	91.99710773680405
uninfected	65.9753086419753	193.98987707881417	84.67489711934157	221.38539407086046
uninfected	118.51851851851852	209.16847433116413	138.93004115226339	230.2704266088214
uninfected	208.59259259259258	225.27259580621836	227.9506172839506	244.33839479392626
uninfected	106.53497942386831	216.57266811279825	125.10288065843622	243.59797541576285
uninfected	82.83127572016461	153.63702096890816	101.1358024691358	181.77295733911785
uninfected	233.4814814814815	37.94649313087491	251.52263374485597	64.04627621113521
uninfected	48.724279835390945	120.87346348517715	68.34567901234568	141.234996384671
uninfected	37.39917695473251	103.10339840925525	60.181069958847736	125.68618944323933
uninfected	53.333333333333336	208.24295010845987	75.32510288065843	236.56399132321042
uninfected	88.88888888888889	124.02024584237165	104.95473251028807	155.67317425885756
uninfected	53.86008230452675	183.80911062906725	68.34567901234568	200.83875632682575
infected	68.34567901234568	121.24367317425886	90.07407407407408	151.41576283441793
