uninfected	150.65020576131687	108.28633405639913	166.97942386831275	132.34996384671004
uninfected	96.52674897119341	30.172089660159074	112.46090534979425	54.79103398409255
uninfected	194.10699588477365	148.08387563268258	213.59670781893004	173.81344902386118
uninfected	204.37860082304528	109.76717281272596	220.8395061728395	131.97975415762835
uninfected	111.67078189300412	19.62111352133044	127.60493827160494	39.24222704266088
uninfected	231.50617283950618	53.86550976138829	249.679012345679	79.96529284164859
uninfected	110.61728395061728	67.56326825741142	127.34156378600824	87.73969631236443
uninfected	24.88888888888889	21.84237165582068	41.08641975308642	43.68474331164136
uninfected	105.08641975308642	126.79681851048446	123.91769547325103	151.78597252349965
uninfected	84.80658436213992	54.420824295010846	102.8477366255144	78.66955892986262
uninfected	42.008230452674894	69.04410701373826	58.60082304526749	89.22053506869125
uninfected	23.703703703703702	217.12798264642083	38.05761316872428	239.7107736804049
uninfected	15.1440329218107	56.08676789587852	32.79012345679013	78.29934924078091
uninfected	40.2962962962963	10.550976138828634	59.25925925925926	35.54013015184382
uninfected	135.50617283950618	186.95589298626174	153.28395061728395	213.61099060014462
uninfected	191.34156378600824	55.71655820679682	209.51440329218107	78.85466377440348
uninfected	165.66255144032922	86.44396240057846	184.23045267489712	109.76717281272596
uninfected	16.724279835390945	78.85466377440348	35.818930041152264	101.43745480838756
uninfected	130.63374485596708	20.546637744034708	149.86008230452674	46.831525668835866
uninfected	112.46090534979425	90.51626898047722	130.23868312757202	115.32031814895156
uninfected	142.880658436214	131.42443962400577	161.1851851851852	156.78380332610269
uninfected	203.7201646090535	25.91467823571945	224.52674897119343	51.64425162689805
uninfected	56.888888888888886	59.60375994215474	69.26748971193416	76.63340563991324
uninfected	60.839506172839506	134.75632682574116	81.38271604938272	159.93058568329718
uninfected	171.85185185185185	120.13304410701373	189.49794238683128	142.16052060737528
uninfected	110.22222222222223	152.3412870571222	129.31687242798353	178.4410701373825
infected	213.20164609053498	121.98409255242227	235.7201646090535	152.52639190166306
infected	56.36213991769547	14.253073029645698	77.95884773662551	42.759219088937094
infected	90.60082304526749	205.46637744034706	112.8559670781893	238.60014461315978
