uninfected	83.75308641975309	114.57989877078815	102.18930041152264	136.97758496023138
uninfected	78.74897119341564	20.361532899493852	97.18518518518519	43.869848156182215
uninfected	52.806584362139915	102.91829356471439	70.97942386831275	127.16702819956616
uninfected	22.91358024691358	64.97180043383948	40.42798353909465	87.36948662328273
uninfected	13.037037037037036	205.28127259580623	30.2880658436214	227.30874909616776
uninfected	61.76131687242798	208.42805495300072	80.06584362139918	234.34273318872016
uninfected	185.54732510288065	190.2877801879971	204.11522633744855	212.5003615328995
uninfected	33.58024691358025	179.92190889370931	51.88477366255144	203.06001446131597
uninfected	51.62139917695473	37.39117859725235	69.1358024691358	61.269703543022416
uninfected	229.00411522633746	110.87780187997107	249.28395061728395	134.20101229211858
uninfected	130.23868312757202	147.52856109906003	148.41152263374485	171.96240057845264
uninfected	30.814814814814813	113.83947939262472	49.64609053497942	136.79248011569052
uninfected	7.769547325102881	97.18004338394793	24.757201646090536	119.20751988430948
uninfected	118.91358024691358	103.10339840925525	138.66666666666666	128.27765726681127
uninfected	98.23868312757202	127.35213304410702	116.01646090534979	153.0817064352856
uninfected	9.876543209876543	168.81561822125815	25.94238683127572	192.3239334779465
uninfected	111.1440329218107	13.697758496023138	128.13168724279836	36.83586406362979
uninfected	225.7119341563786	88.10990600144613	244.14814814814815	110.50759219088937
uninfected	157.36625514403292	184.91973969631238	176.8559670781893	208.98336948662327
uninfected	158.02469135802468	111.24801156905278	177.77777777777777	136.23716558206797
uninfected	23.045267489711936	131.05422993492408	41.74485596707819	155.30296456977584
uninfected	193.58024691358025	36.095444685466376	213.7283950617284	58.67823571945047
uninfected	137.61316872427983	166.77946493130875	157.76131687242798	193.0643528561099
uninfected	19.226337448559672	223.9768618944324	38.452674897119344	248.22559652928416
uninfected	118.51851851851852	198.43239334779466	136.2962962962963	219.1641359363702
uninfected	96.92181069958848	22.212581344902386	116.41152263374485	46.461315979754154
uninfected	205.82716049382717	120.87346348517715	225.4485596707819	145.30730296456977
uninfected	156.97119341563786	157.89443239334778	176.8559670781893	180.84743311641358
uninfected	217.02057613168725	103.47360809833695	232.2962962962963	124.02024584237165
uninfected	23.440329218106996	156.78380332610269	41.48148148148148	178.4410701373825
uninfected	38.71604938271605	231.38105567606652	56.23045267489712	253.40853217642805
uninfected	191.7366255144033	138.4584237165582	211.09465020576133	165.11352133044107
uninfected	0.6584362139917695	140.30947216196674	17.11934156378601	161.96673897324658
uninfected	200.03292181069958	16.65943600867679	220.8395061728395	39.982646420824295
uninfected	165.79423868312756	212.5003615328995	185.02057613168725	238.41503976861895
uninfected	187.1275720164609	4.257411424439624	207.40740740740742	28.135936370209688
uninfected	130.10699588477365	14.067968185104844	148.2798353909465	39.61243673174259
uninfected	89.94238683127573	215.2769342010123	107.45679012345678	236.74909616775128
uninfected	36.21399176954733	38.31670281995662	48.065843621399175	60.89949385394071
uninfected	83.09465020576131	94.9587852494577	103.50617283950618	113.83947939262472
uninfected	149.7283950617284	226.75343456254518	170.0082304526749	252.29790310918293
uninfected	238.09053497942386	140.4945770065076	255.86831275720164	164.1879971077368
infected	222.8148148148148	217.49819233550252	245.9917695473251	245.07881417208966
infected	88.75720164609054	2.591467823571945	109.95884773662551	24.248734634851772
