uninfected	38.05761316872428	28.135936370209688	54.123456790123456	51.08893709327549
uninfected	16.329218106995885	107.73101952277658	33.31687242798354	130.31381055676067
uninfected	30.419753086419753	88.29501084598698	46.09053497942387	109.5820679681851
uninfected	183.57201646090536	180.10701373825017	199.76954732510288	201.94938539407087
uninfected	22.91358024691358	136.42227042660883	39.76954732510288	160.11569052783804
uninfected	39.63786008230453	200.46854663774403	57.67901234567901	225.27259580621836
uninfected	60.04938271604938	156.04338394793928	78.88065843621399	181.587852494577
uninfected	193.97530864197532	82.55676066522054	209.77777777777777	107.73101952277658
uninfected	202.2716049382716	49.23788864786695	219.65432098765433	73.11641359363702
uninfected	118.12345679012346	171.96240057845264	134.18930041152262	196.9515545914678
uninfected	96.0	107.91612436731742	113.11934156378601	132.72017353579176
uninfected	173.6954732510288	114.39479392624729	191.7366255144033	137.53289949385393
uninfected	82.43621399176955	83.1120751988431	97.7119341563786	105.32465654374548
uninfected	133.1358024691358	177.88575560375995	150.91358024691357	201.94938539407087
uninfected	173.4320987654321	137.7180043383948	191.60493827160494	161.22631959508314
uninfected	178.8312757201646	208.24295010845987	197.79423868312756	230.08532176428054
uninfected	91.1275720164609	68.30368763557483	105.7448559670782	91.62689804772235
uninfected	51.358024691358025	88.85032537960954	69.53086419753086	115.1352133044107
uninfected	105.48148148148148	224.3470715835141	123.91769547325103	253.2234273318872
uninfected	74.0082304526749	226.93853940708604	93.49794238683127	252.48300795372379
uninfected	0.13168724279835392	67.00795372378886	17.909465020576132	91.07158351409979
uninfected	209.3827160493827	83.85249457700651	228.34567901234567	109.9522776572668
uninfected	104.69135802469135	86.81417208966016	119.30864197530865	106.0650759219089
uninfected	162.76543209876544	197.87707881417208	181.06995884773661	222.68112798264642
uninfected	57.94238683127572	111.6182212581345	76.24691358024691	136.97758496023138
uninfected	154.20576131687244	215.46203904555315	171.9835390946502	238.41503976861895
uninfected	52.016460905349795	129.94360086767895	69.00411522633745	150.12002892263195
uninfected	85.06995884773663	140.12436731742588	102.45267489711934	161.0412147505423
uninfected	43.45679012345679	146.97324656543745	61.76131687242798	171.96240057845264
uninfected	36.8724279835391	165.11352133044107	53.06995884773662	188.43673174258856
uninfected	216.3621399176955	64.23138105567607	236.90534979423867	91.25668835864063
uninfected	82.3045267489712	27.765726681127983	97.44855967078189	53.12509038322487
uninfected	109.82716049382717	29.616775126536513	124.70781893004116	56.08676789587852
uninfected	32.39506172839506	66.0824295010846	49.90946502057613	88.66522053506868
uninfected	75.58847736625515	113.28416485900217	92.18106995884774	142.34562545191613
uninfected	122.8641975308642	202.1344902386117	142.22222222222223	229.1597975415763
uninfected	41.48148148148148	103.10339840925525	53.991769547325106	122.72451193058568
uninfected	49.90946502057613	71.08026030368764	64.79012345679013	91.25668835864063
uninfected	125.89300411522633	156.59869848156183	148.41152263374485	178.62617498192336
uninfected	90.20576131687243	49.23788864786695	107.58847736625515	72.0057845263919
uninfected	147.35802469135803	230.2704266088214	162.37037037037038	253.9638467100506
uninfected	176.72427983539094	34.7997107736804	192.65843621399176	52.75488069414317
uninfected	93.62962962962963	34.4295010845987	107.06172839506173	55.346348517715114
uninfected	117.72839506172839	216.20245842371656	137.21810699588477	245.63412870571221
uninfected	175.40740740740742	16.289226319595084	187.78600823045267	35.72523499638467
uninfected	189.49794238683128	50.533622559652926	208.59259259259258	73.85683297180043
uninfected	225.84362139917695	52.01446131597975	249.02057613168725	79.40997830802603
uninfected	59.91769547325103	72.74620390455532	73.61316872427983	90.88647866955893
uninfected	136.2962962962963	198.43239334779466	155.1275720164609	218.97903109182937
uninfected	177.119341563786	54.9761388286334	198.0576131687243	79.03976861894432
uninfected	148.54320987654322	198.6174981923355	162.76543209876544	221.38539407086046
uninfected	140.2469135802469	215.2769342010123	156.97119341563786	233.60231381055675
infected	133.26748971193416	87.55459146782357	154.8641975308642	111.80332610267534
uninfected	175.67078189300412	7.219088937093275	189.62962962962962	23.878524945770064
