uninfected	65.84362139917695	70.52494577006507	84.93827160493827	94.03326102675344
uninfected	80.98765432098766	2.2212581344902387	97.58024691358025	24.248734634851772
uninfected	17.51440329218107	153.82212581344902	35.4238683127572	177.14533622559654
uninfected	107.32510288065843	191.95372378886478	124.70781893004116	214.35140997830803
uninfected	128.65843621399176	216.94287780187997	143.80246913580248	237.67462039045554
uninfected	237.03703703703704	180.84743311641358	254.2880658436214	204.72595806218365
uninfected	144.32921810699588	154.37744034707157	163.6872427983539	178.0708604483008
uninfected	51.489711934156375	106.80549530007231	69.00411522633745	131.23933477946494
uninfected	170.66666666666666	155.117859725235	188.97119341563786	179.92190889370931
uninfected	220.44444444444446	195.470715835141	238.22222222222223	219.53434562545192
uninfected	3.8189300411522633	74.59725234996385	21.333333333333332	100.882140274765
uninfected	63.86831275720164	179.73680404916848	82.17283950617283	206.02169197396964
uninfected	119.96707818930041	175.47939262472886	135.24279835390948	197.87707881417208
uninfected	126.55144032921811	158.81995661605205	146.3045267489712	183.6240057845264
uninfected	60.839506172839506	92.5524222704266	77.30041152263375	112.91395516992046
uninfected	67.42386831275721	131.97975415762835	86.38683127572017	160.6710050614606
uninfected	165.3991769547325	110.87780187997107	185.15226337448559	136.79248011569052
uninfected	61.10288065843621	42.759219088937094	79.4074074074074	67.74837310195228
uninfected	119.57201646090535	19.806218365871295	140.2469135802469	46.831525668835866
uninfected	84.01646090534979	108.47143890093999	102.5843621399177	134.941431670282
uninfected	9.218106995884774	223.05133767172813	27.786008230452676	250.8170643528561
uninfected	157.62962962962962	78.29934924078091	179.09465020576133	102.54808387563268
uninfected	94.2880658436214	134.941431670282	113.38271604938272	160.85610990600145
uninfected	96.79012345679013	57.56760665220535	116.14814814814815	82.74186550976138
uninfected	158.02469135802468	171.22198120028924	176.19753086419752	190.47288503253796
uninfected	66.63374485596708	109.2118582791034	85.33333333333333	135.12653651482285
uninfected	142.48559670781893	221.75560375994215	162.23868312757202	247.48517715112075
uninfected	116.41152263374485	44.05495300072307	136.8230452674897	69.5994215473608
uninfected	10.40329218106996	108.47143890093999	29.761316872427983	135.12653651482285
uninfected	87.57201646090535	42.759219088937094	106.27160493827161	70.89515545914678
uninfected	18.43621399176955	113.28416485900217	39.76954732510288	140.8647866955893
uninfected	76.37860082304526	209.353579175705	94.94650205761317	235.63846710050615
uninfected	5.925925925925926	130.31381055676067	23.045267489711936	148.45408532176427
uninfected	1.316872427983539	142.90093998553868	20.938271604938272	167.89009399855388
uninfected	168.95473251028807	17.77006507592191	189.89300411522635	44.05495300072307
uninfected	25.810699588477366	233.97252349963847	42.666666666666664	256.0
uninfected	30.2880658436214	87.55459146782357	42.008230452674894	105.69486623282718
uninfected	125.49794238683127	231.75126536514824	145.51440329218107	254.14895155459146
uninfected	40.559670781893004	191.76861894432395	58.864197530864196	221.2002892263196
uninfected	35.02880658436214	14.43817787418655	47.275720164609055	30.357194504699926
uninfected	2.633744855967078	107.73101952277658	15.407407407407407	124.76066522053507
infected	51.489711934156375	131.97975415762835	69.39917695473251	161.96673897324658
infected	143.53909465020575	131.97975415762835	170.0082304526749	161.59652928416486
infected	143.80246913580248	96.62472885032538	170.2716049382716	120.13304410701373
infected	168.03292181069958	133.8308026030369	187.25925925925927	156.59869848156183
