uninfected	102.32098765432099	31.282718727404195	119.17695473251028	54.420824295010846
uninfected	133.66255144032922	166.40925524222703	151.7037037037037	190.65798987707882
uninfected	90.07407407407408	158.07953723788864	107.98353909465021	183.80911062906725
uninfected	162.50205761316872	170.66666666666666	180.80658436213992	195.28561099060013
uninfected	186.07407407407408	203.61532899493855	204.2469135802469	230.82574114244397
uninfected	63.73662551440329	6.478669558929862	81.90946502057614	31.467823571945047
uninfected	204.2469135802469	201.57917570498915	222.8148148148148	226.56832971800435
uninfected	166.18930041152262	83.85249457700651	184.6255144032922	108.10122921185828
uninfected	48.19753086419753	125.87129428778019	67.81893004115226	152.89660159074475
uninfected	19.753086419753085	74.59725234996385	37.135802469135804	99.77151120751988
uninfected	107.85185185185185	2.7765726681127982	123.25925925925925	24.06362979031092
uninfected	209.3827160493827	228.60448300795372	227.1604938271605	249.89154013015184
uninfected	233.61316872427983	136.60737527114966	252.3127572016461	160.11569052783804
uninfected	141.82716049382717	184.91973969631238	159.60493827160494	209.53868402024585
uninfected	76.37860082304526	72.56109906001446	94.94650205761317	99.77151120751988
uninfected	204.5102880658436	124.02024584237165	223.34156378600824	147.89877078814172
uninfected	68.08230452674897	103.6587129428778	88.23045267489712	125.87129428778019
uninfected	229.1358024691358	26.284887924801158	249.81069958847738	56.271872740419376
uninfected	126.2880658436214	32.023138105567604	145.119341563786	59.97396963123644
uninfected	205.82716049382717	79.78018799710773	225.31687242798353	107.36080983369487
uninfected	21.20164609053498	124.57556037599421	41.61316872427984	147.89877078814172
uninfected	218.6008230452675	4.072306579898771	238.6172839506173	33.31887201735358
uninfected	67.1604938271605	146.97324656543745	88.88888888888889	168.44540853217643
uninfected	185.4156378600823	113.28416485900217	204.64197530864197	139.38394793926247
uninfected	144.06584362139918	215.647143890094	158.68312757201647	240.08098336948663
uninfected	38.97942386831276	193.24945770065077	60.04938271604938	217.31308749096166
uninfected	48.32921810699588	63.3058568329718	67.81893004115226	90.70137382501808
uninfected	41.48148148148148	94.40347071583514	60.839506172839506	122.35430224150397
uninfected	223.86831275720164	81.63123644251627	241.90946502057614	110.50759219088937
uninfected	126.2880658436214	102.36297903109183	144.59259259259258	131.23933477946494
uninfected	172.11522633744855	33.133767172812725	193.31687242798353	59.60375994215474
uninfected	202.79835390946502	47.75704989154013	221.49794238683128	75.33767172812726
uninfected	36.477366255144034	153.0817064352856	57.94238683127572	177.14533622559654
uninfected	189.89300411522635	14.99349240780911	208.19753086419752	44.05495300072307
uninfected	213.46502057613168	159.93058568329718	232.8230452674897	187.881417208966
uninfected	141.1687242798354	7.5892986261749815	154.6008230452675	32.94866232827187
uninfected	12.11522633744856	230.45553145336225	33.053497942386834	255.81489515545914
uninfected	66.89711934156378	197.5068691250904	88.23045267489712	219.34924078091106
uninfected	36.477366255144034	33.68908170643529	52.2798353909465	64.78669558929863
uninfected	183.04526748971193	82.55676066522054	205.1687242798354	111.80332610267534
uninfected	128.52674897119343	212.1301518438178	147.35802469135803	238.78524945770064
uninfected	58.99588477366255	46.646420824295014	78.09053497942386	72.0057845263919
uninfected	107.98353909465021	208.61315979754158	123.52263374485597	231.38105567606652
uninfected	122.20576131687243	7.404193781634128	140.2469135802469	29.43167028199566
uninfected	190.02469135802468	137.16268980477224	210.3045267489712	167.3347794649313
uninfected	200.42798353909464	152.3412870571222	220.18106995884773	181.03253796095444
uninfected	128.39506172839506	195.28561099060013	144.32921810699588	218.23861171366593
uninfected	41.08641975308642	212.1301518438178	60.44444444444444	237.48951554591468
uninfected	21.596707818930042	98.84598698481562	44.11522633744856	129.01807664497468
uninfected	198.97942386831275	30.912509038322487	221.62962962962962	53.12509038322487
uninfected	118.51851851851852	202.68980477223428	132.6090534979424	225.64280549530008
uninfected	145.64609053497944	14.808387563268257	166.97942386831275	45.9060014461316
uninfected	46.35390946502058	38.68691250903832	67.95061728395062	56.08676789587852
uninfected	194.89711934156378	39.42733188720174	209.3827160493827	60.89949385394071
infected	82.5679012345679	50.71872740419378	105.61316872427983	76.26319595083153
infected	65.9753086419753	121.98409255242227	86.2551440329218	146.4179320318149
infected	163.29218106995884	191.95372378886478	186.46913580246914	219.1641359363702
