uninfected	201.61316872427983	131.60954446854663	216.88888888888889	154.37744034707157
uninfected	86.78189300411523	227.8640636297903	102.97942386831275	251.74258857556038
uninfected	45.82716049382716	224.16196673897323	60.97119341563786	245.44902386117136
uninfected	5.267489711934156	108.10122921185828	21.596707818930042	134.941431670282
uninfected	218.20576131687244	139.56905278380333	234.79835390946502	161.59652928416486
uninfected	20.938271604938272	106.80549530007231	35.95061728395062	130.31381055676067
uninfected	160.0	189.9175704989154	176.98765432098764	211.94504699927694
uninfected	134.0576131687243	1.4808387563268257	152.49382716049382	26.284887924801158
uninfected	232.69135802469137	153.45191612436733	250.20576131687244	175.84960231381055
uninfected	139.19341563786008	217.49819233550252	156.18106995884773	238.2299349240781
uninfected	208.98765432098764	154.7476500361533	224.65843621399176	177.33044107013737
uninfected	158.2880658436214	26.655097613882862	175.40740740740742	48.12725958062184
uninfected	119.17695473251028	15.178597252349963	136.95473251028807	38.131597975415765
uninfected	129.97530864197532	197.69197396963125	148.41152263374485	220.27476500361533
uninfected	20.14814814814815	7.219088937093275	39.76954732510288	31.09761388286334
uninfected	112.19753086419753	207.50253073029646	131.1604938271605	227.49385394070862
uninfected	233.08641975308643	111.43311641359364	248.49382716049382	129.7584960231381
uninfected	142.48559670781893	116.98626174981923	160.65843621399176	141.79031091829356
uninfected	199.6378600823045	97.92046276211136	218.07407407407408	121.61388286334056
uninfected	37.39917695473251	13.142443962400579	55.83539094650206	40.352856109906
uninfected	38.584362139917694	73.85683297180043	57.81069958847737	98.66088214027477
uninfected	151.04526748971193	5.368040491684743	168.8230452674897	28.135936370209688
uninfected	234.2716049382716	130.1287057122198	253.23456790123456	156.04338394793928
uninfected	89.54732510288066	162.52205350686913	107.98353909465021	180.29211858279103
uninfected	28.97119341563786	223.60665220535068	45.300411522633745	245.81923355025307
uninfected	191.86831275720164	158.44974692697036	209.64609053497944	183.43890093998553
uninfected	188.8395061728395	114.57989877078815	207.93415637860082	136.23716558206797
uninfected	9.08641975308642	54.79103398409255	28.31275720164609	78.85466377440348
uninfected	142.09053497942386	24.248734634851772	158.02469135802468	49.42299349240781
uninfected	45.56378600823045	116.80115690527838	65.9753086419753	142.53073029645697
uninfected	52.2798353909465	6.108459869848156	73.08641975308642	26.840202458423718
uninfected	105.21810699588477	20.546637744034708	124.18106995884774	47.38684020245842
uninfected	223.60493827160494	199.17281272595807	242.69958847736626	222.68112798264642
uninfected	111.93415637860082	159.56037599421546	128.52674897119343	183.2537960954447
uninfected	21.46502057613169	30.172089660159074	42.40329218106996	59.23355025307303
uninfected	199.11111111111111	188.25162689804773	215.30864197530863	208.057845263919
uninfected	227.1604938271605	181.2176428054953	245.20164609053498	204.35574837310196
uninfected	225.58024691358025	66.45263919016631	242.3045267489712	89.77584960231381
uninfected	61.76131687242798	25.35936370209689	80.98765432098766	49.608098336948665
uninfected	207.40740740740742	17.77006507592191	226.23868312757202	41.64859002169197
uninfected	9.876543209876543	22.212581344902386	27.786008230452676	52.199566160520604
uninfected	220.97119341563786	36.095444685466376	237.9588477366255	59.048445408532174
uninfected	174.74897119341563	211.75994215473608	191.60493827160494	234.71294287780188
uninfected	151.1769547325103	229.34490238611713	173.82716049382717	252.48300795372379
uninfected	239.80246913580248	77.37382501807664	255.34156378600824	99.40130151843817
uninfected	180.41152263374485	169.92624728850325	196.6090534979424	196.58134490238612
uninfected	214.12345679012347	166.03904555314534	232.03292181069958	196.2111352133044
uninfected	45.82716049382716	29.98698481561822	63.47325102880659	55.16124367317426
uninfected	152.88888888888889	175.10918293564714	175.40740740740742	191.95372378886478
uninfected	27.786008230452676	51.64425162689805	47.67078189300412	79.40997830802603
uninfected	237.30041152263374	9.625451916124367	254.8148148148148	32.94866232827187
uninfected	119.30864197530865	188.43673174258856	137.87654320987653	211.20462762111353
uninfected	98.89711934156378	1.4808387563268257	112.19753086419753	21.472161966738973
uninfected	117.59670781893004	219.1641359363702	140.90534979423867	244.70860448300795
uninfected	143.01234567901236	157.89443239334778	156.44444444444446	176.77512653651482
uninfected	179.4897119341564	39.42733188720174	199.3744855967078	60.71438900939985
uninfected	183.1769547325103	135.12653651482285	201.87654320987653	161.59652928416486
uninfected	155.25925925925927	211.57483731019522	172.90534979423867	230.45553145336225
uninfected	108.24691358024691	0.18510484454085321	123.78600823045268	21.657266811279825
uninfected	44.37860082304527	205.28127259580623	63.86831275720164	224.7172812725958
uninfected	195.81893004115227	63.49096167751265	213.59670781893004	83.1120751988431
uninfected	135.24279835390948	179.1814895155459	155.3909465020576	200.65365148228489
uninfected	95.20987654320987	201.3940708604483	115.09465020576131	218.4237165582068
uninfected	113.77777777777777	235.823571945047	134.320987654321	255.81489515545914
uninfected	159.7366255144033	157.15401301518438	176.98765432098764	176.40491684743313
uninfected	147.09465020576133	186.58568329718005	161.84362139917695	218.0535068691251
infected	99.42386831275721	177.7006507592191	122.33744855967078	207.87274041937818
uninfected	164.6090534979424	136.79248011569052	180.2798353909465	158.07953723788864
uninfected	91.52263374485597	213.05567606652204	115.09465020576131	235.0831525668836
