uninfected	237.1687242798354	176.77512653651482	253.76131687242798	201.20896601590744
uninfected	233.08641975308643	133.46059291395517	250.46913580246914	154.93275488069415
uninfected	23.17695473251029	179.55169920462762	40.69135802469136	204.72595806218365
uninfected	203.85185185185185	75.70788141720897	222.02469135802468	100.69703543022415
uninfected	18.304526748971192	108.84164859002169	37.53086419753087	134.01590744757772
uninfected	51.62139917695473	87.18438177874187	68.21399176954732	113.09906001446132
uninfected	205.82716049382717	56.64208242950109	226.63374485596708	79.78018799710773
uninfected	202.40329218106996	34.244396240057846	219.1275720164609	55.346348517715114
uninfected	132.34567901234567	218.97903109182937	151.96707818930042	243.78308026030368
uninfected	42.666666666666664	123.0947216196674	60.04938271604938	149.1945046999277
uninfected	207.01234567901236	10.92118582791034	226.89711934156378	36.28054953000723
uninfected	219.52263374485597	111.80332610267534	239.27572016460906	137.53289949385393
uninfected	26.337448559670783	131.23933477946494	45.82716049382716	156.96890817064352
uninfected	159.0781893004115	64.23138105567607	177.77777777777777	90.14605929139552
uninfected	106.40329218106996	171.77729573391179	123.91769547325103	201.3940708604483
uninfected	105.48148148148148	78.85466377440348	125.49794238683127	105.50976138828634
uninfected	54.25514403292181	203.98553868402024	71.37448559670781	225.64280549530008
uninfected	181.06995884773661	150.67534345625452	200.95473251028807	177.51554591467823
uninfected	81.51440329218107	221.2002892263196	102.32098765432099	249.52133044107015
uninfected	183.440329218107	47.94215473608099	203.19341563786008	76.07809110629067
uninfected	83.88477366255144	164.1879971077368	104.03292181069959	187.69631236442515
uninfected	105.21810699588477	110.13738250180766	125.23456790123457	134.941431670282
uninfected	55.83539094650206	135.12653651482285	71.76954732510288	164.55820679681852
uninfected	146.96296296296296	128.46276211135213	166.0576131687243	152.7114967462039
uninfected	94.68312757201646	144.56688358640636	115.35802469135803	166.77946493130875
uninfected	66.50205761316873	143.6413593637021	84.41152263374485	168.81561822125815
uninfected	63.73662551440329	111.06290672451193	82.5679012345679	129.7584960231381
uninfected	93.89300411522633	94.21836587129428	113.11934156378601	117.17136659436008
infected	84.01646090534979	72.74620390455532	104.82304526748972	101.62255965292842
infected	66.63374485596708	76.26319595083153	83.62139917695474	113.83947939262472
uninfected	71.24279835390946	125.13087490961678	91.78600823045268	151.41576283441793
uninfected	94.68312757201646	117.5415762834418	114.17283950617283	146.4179320318149
uninfected	77.16872427983539	145.6775126536515	96.26337448559671	176.40491684743313
uninfected	81.25102880658436	102.36297903109183	97.7119341563786	128.647866955893
