uninfected	47.934156378600825	110.87780187997107	64.13168724279835	133.09038322487348
uninfected	28.839506172839506	106.25018076644974	48.724279835390945	130.86912509038322
uninfected	23.83539094650206	171.22198120028924	40.42798353909465	194.73029645697758
uninfected	190.02469135802468	58.67823571945047	208.19753086419752	80.15039768618945
uninfected	92.3127572016461	46.09110629067245	112.5925925925926	70.52494577006507
uninfected	112.06584362139918	59.418655097613886	129.05349794238683	86.2588575560376
uninfected	92.18106995884774	230.64063629790311	111.4074074074074	254.88937093275487
uninfected	19.226337448559672	57.3825018076645	38.18930041152263	81.26102675343456
uninfected	119.17695473251028	177.14533622559654	136.559670781893	204.54085321764282
uninfected	94.0246913580247	148.63919016630513	111.53909465020575	169.55603759942156
uninfected	135.3744855967078	215.09182935647144	156.0493827160494	240.45119305856832
uninfected	132.21399176954733	52.01446131597975	150.2551440329218	73.67172812725958
uninfected	119.04526748971193	47.38684020245842	135.50617283950618	75.5227765726681
uninfected	183.7037037037037	77.74403470715835	201.87654320987653	99.77151120751988
uninfected	141.9588477366255	16.10412147505423	166.0576131687243	37.2060737527115
uninfected	108.24691358024691	27.210412147505423	130.63374485596708	52.75488069414317
uninfected	137.08641975308643	183.43890093998553	155.91769547325103	204.35574837310196
uninfected	78.74897119341564	63.49096167751265	97.05349794238683	86.999276934201
uninfected	88.23045267489712	27.02530730296457	107.58847736625515	48.86767895878525
uninfected	162.89711934156378	77.92913955169921	184.49382716049382	103.2885032537961
infected	175.40740740740742	18.510484454085322	199.50617283950618	47.38684020245842
infected	90.60082304526749	69.78452639190166	115.75308641975309	99.58640636297903
infected	100.8724279835391	125.87129428778019	131.55555555555554	160.85610990600145
