uninfected	44.90534979423868	20.546637744034708	62.288065843621396	43.869848156182215
uninfected	101.92592592592592	135.6818510484454	121.02057613168725	158.81995661605205
uninfected	66.50205761316873	55.53145336225597	85.72839506172839	81.26102675343456
uninfected	39.63786008230453	64.41648590021693	56.49382716049383	86.999276934201
uninfected	103.63786008230453	6.293564714389009	121.28395061728395	32.023138105567604
uninfected	41.48148148148148	85.70354302241503	58.732510288065846	108.47143890093999
uninfected	110.09053497942386	170.85177151120752	129.1851851851852	195.470715835141
uninfected	88.88888888888889	127.72234273318873	104.16460905349794	146.7881417208966
uninfected	30.551440329218106	98.66088214027477	46.88065843621399	119.57772957339118
uninfected	136.69135802469137	99.58640636297903	155.78600823045267	123.8351409978308
uninfected	203.7201646090535	157.70932754880695	223.34156378600824	182.14316702819957
uninfected	186.33744855967078	84.22270426608821	205.1687242798354	109.2118582791034
uninfected	187.78600823045267	118.09689081706435	206.22222222222223	145.1221981200289
uninfected	92.70781893004116	20.176428054953	110.09053497942386	46.831525668835866
uninfected	113.90946502057614	95.14389009399855	131.9506172839506	119.39262472885032
uninfected	104.16460905349794	208.98336948662327	123.39094650205762	232.49168474331165
uninfected	171.19341563786008	86.2588575560376	189.23456790123456	113.46926970354302
uninfected	50.699588477366255	39.42733188720174	69.39917695473251	68.67389732465655
uninfected	136.2962962962963	59.97396963123644	154.6008230452675	86.44396240057846
uninfected	149.20164609053498	87.55459146782357	166.97942386831275	110.69269703543023
uninfected	21.991769547325102	76.63340563991324	41.876543209876544	101.62255965292842
uninfected	180.41152263374485	186.95589298626174	198.18930041152262	213.2407809110629
uninfected	140.90534979423867	206.76211135213305	157.62962962962962	234.71294287780188
uninfected	16.46090534979424	179.36659436008676	33.58024691358025	202.1344902386117
uninfected	120.88888888888889	2.406362979031092	137.87654320987653	24.433839479392624
uninfected	17.909465020576132	144.3817787418655	35.95061728395062	169.55603759942156
uninfected	56.757201646090536	128.46276211135213	72.42798353909465	150.3051337671728
uninfected	124.18106995884774	214.16630513376717	142.880658436214	240.08098336948663
uninfected	159.34156378600824	69.78452639190166	176.19753086419752	90.51626898047722
uninfected	66.23868312757202	32.20824295010846	84.2798353909465	57.01229211858279
uninfected	76.90534979423869	140.8647866955893	91.39094650205762	163.63268257411426
uninfected	92.44444444444444	94.588575560376	111.27572016460906	119.39262472885032
uninfected	18.567901234567902	59.60375994215474	39.50617283950617	79.22487346348518
uninfected	5.794238683127572	160.11569052783804	21.86008230452675	187.32610267534346
uninfected	182.65020576131687	0.0	202.40329218106996	25.91467823571945
uninfected	1.0534979423868314	128.647866955893	20.14814814814815	155.30296456977584
uninfected	176.46090534979425	68.30368763557483	194.37037037037038	89.0354302241504
uninfected	75.85185185185185	93.29284164859003	93.23456790123457	118.28199566160521
uninfected	191.60493827160494	164.55820679681852	209.64609053497944	195.470715835141
uninfected	43.193415637860085	110.69269703543023	57.67901234567901	130.86912509038322
uninfected	55.96707818930041	0.0	75.45679012345678	23.50831525668836
uninfected	62.946502057613166	222.86623282718728	82.43621399176955	247.48517715112075
uninfected	62.946502057613166	155.4880694143167	80.8559670781893	183.6240057845264
uninfected	160.52674897119343	52.01446131597975	178.0411522633745	73.11641359363702
uninfected	163.55555555555554	26.840202458423718	180.2798353909465	51.459146782357195
uninfected	102.97942386831275	230.2704266088214	126.55144032921811	252.1127982646421
uninfected	197.00411522633746	138.0882140274765	217.02057613168725	162.52205350686913
uninfected	163.55555555555554	199.91323210412148	183.83539094650206	226.75343456254518
uninfected	173.56378600823047	144.75198843094722	192.52674897119343	173.2581344902386
uninfected	82.04115226337449	33.68908170643529	94.94650205761317	59.23355025307303
uninfected	85.20164609053498	3.331887201735358	104.42798353909465	26.46999276934201
uninfected	106.27160493827161	154.56254519161243	127.20987654320987	173.998553868402
uninfected	138.93004115226339	12.587129428778018	156.18106995884773	35.91033984092552
uninfected	32.0	170.48156182212583	51.75308641975309	194.36008676789587
uninfected	115.75308641975309	194.54519161243672	137.61316872427983	218.7939262472885
uninfected	75.19341563786008	11.291395516992047	94.41975308641975	44.42516268980477
infected	134.45267489711935	181.77295733911785	154.07407407407408	206.76211135213305
infected	32.92181069958848	40.16775126536515	52.148148148148145	65.89732465654374
infected	76.11522633744856	73.67172812725958	95.34156378600824	97.36514822848879
uninfected	44.510288065843625	212.8705712219812	65.05349794238683	241.0065075921909
uninfected	18.43621399176955	116.98626174981923	36.8724279835391	140.30947216196674
uninfected	118.78189300411523	32.57845263919017	139.7201646090535	56.82718727404194
uninfected	70.45267489711934	185.47505422993493	89.02057613168725	208.61315979754158
uninfected	63.07818930041152	108.84164859002169	81.51440329218107	130.1287057122198
