uninfected	194.63374485596708	121.4287780187997	212.14814814814815	144.56688358640636
uninfected	235.06172839506172	88.66522053506868	251.1275720164609	110.32248734634852
uninfected	22.91358024691358	106.80549530007231	40.95473251028807	130.1287057122198
uninfected	237.6954732510288	134.941431670282	254.5514403292181	160.48590021691973
uninfected	54.650205761316876	64.60159074475777	72.82304526748972	88.48011569052784
uninfected	2.765432098765432	124.20535068691251	23.045267489711936	150.49023861171366
uninfected	99.42386831275721	30.357194504699926	118.78189300411523	55.16124367317426
uninfected	194.37037037037038	77.74403470715835	212.67489711934155	104.21402747650036
uninfected	92.97119341563786	49.608098336948665	112.19753086419753	73.85683297180043
uninfected	235.32510288065845	186.77078814172089	253.89300411522635	208.98336948662327
uninfected	43.193415637860085	77.74403470715835	59.91769547325103	100.882140274765
uninfected	58.864197530864196	8.885032537960955	77.16872427983539	34.984815618221255
uninfected	7.901234567901234	17.77006507592191	23.703703703703702	42.944323933477946
uninfected	7.374485596707819	80.52060737527115	26.337448559670783	104.0289226319595
uninfected	151.04526748971193	152.52639190166306	169.08641975308643	178.99638467100507
uninfected	112.06584362139918	42.57411424439624	132.34567901234567	69.04410701373826
uninfected	217.4156378600823	176.40491684743313	233.61316872427983	204.35574837310196
uninfected	140.2469135802469	226.56832971800435	159.0781893004115	253.9638467100506
uninfected	97.9753086419753	217.31308749096166	116.54320987654322	245.44902386117136
uninfected	112.98765432098766	206.02169197396964	131.81893004115227	233.97252349963847
uninfected	17.646090534979425	141.04989154013015	37.00411522633745	168.0751988430947
uninfected	218.07407407407408	30.542299349240782	237.56378600823047	59.78886478669559
uninfected	23.17695473251029	80.705712219812	42.40329218106996	105.32465654374548
uninfected	128.9218106995885	210.46420824295012	148.93827160493828	239.52566883586405
uninfected	226.76543209876544	11.291395516992047	243.62139917695472	39.982646420824295
uninfected	144.72427983539094	206.39190166305133	163.02880658436214	229.9002169197397
uninfected	203.58847736625515	97.36514822848879	222.02469135802468	121.61388286334056
uninfected	125.76131687242798	193.80477223427332	145.64609053497944	214.72161966738975
uninfected	62.81481481481482	153.82212581344902	80.06584362139918	174.73897324656545
uninfected	163.9506172839506	184.17932031814894	185.02057613168725	207.87274041937818
uninfected	21.596707818930042	165.48373101952276	41.349794238683124	193.0643528561099
uninfected	182.5185185185185	165.85394070860448	201.08641975308643	192.87924801156905
uninfected	38.05761316872428	98.29067245119306	57.02057613168724	122.53940708604483
uninfected	119.70370370370371	173.2581344902386	137.87654320987653	198.80260303687635
uninfected	220.70781893004116	129.3882863340564	241.51440329218107	154.37744034707157
uninfected	9.08641975308642	183.6240057845264	28.839506172839506	208.24295010845987
uninfected	69.39917695473251	220.83007953723788	87.83539094650206	247.85538684020247
uninfected	132.74074074074073	138.82863340563992	152.23045267489712	161.96673897324658
uninfected	206.22222222222223	45.9060014461316	227.4238683127572	72.93130874909616
uninfected	5.662551440329218	225.45770065075922	26.337448559670783	249.89154013015184
uninfected	185.15226337448559	225.0874909616775	204.2469135802469	253.03832248734633
uninfected	17.77777777777778	18.140274765003614	34.50205761316872	55.346348517715114
uninfected	47.275720164609055	110.69269703543023	66.63374485596708	134.5712219812003
uninfected	201.08641975308643	20.916847433116413	220.5761316872428	47.571945046999275
uninfected	173.82716049382717	127.90744757772957	191.7366255144033	154.7476500361533
uninfected	2.1069958847736627	170.29645697758497	23.57201646090535	193.61966738973246
uninfected	235.9835390946502	35.54013015184382	255.86831275720164	62.935647143890094
uninfected	20.279835390946502	125.50108459869848	40.2962962962963	144.56688358640636
uninfected	131.29218106995884	111.6182212581345	151.83539094650206	137.16268980477224
uninfected	84.01646090534979	151.97107736804048	104.69135802469135	176.96023138105568
uninfected	29.62962962962963	149.37960954446854	50.30452674897119	177.33044107013737
uninfected	108.64197530864197	4.072306579898771	125.49794238683127	29.98698481561822
infected	231.50617283950618	109.5820679681851	252.0493827160494	137.53289949385393
infected	0.0	148.45408532176427	21.069958847736626	176.59002169197396
infected	217.54732510288065	151.97107736804048	238.09053497942386	176.59002169197396
uninfected	67.95061728395062	177.14533622559654	89.81069958847736	201.0238611713666
uninfected	140.90534979423867	13.697758496023138	159.7366255144033	36.095444685466376
uninfected	100.60905349794238	84.59291395516992	121.4156378600823	107.36080983369487
uninfected	162.76543209876544	163.26247288503254	182.2551440329218	188.80694143167028
uninfected	58.60082304526749	84.03759942154736	80.32921810699588	109.76717281272596
uninfected	37.267489711934154	21.10195227765727	55.96707818930041	49.608098336948665
uninfected	87.04526748971193	199.35791757049893	108.90534979423869	224.7172812725958
uninfected	47.53909465020576	1.851048445408532	64.79012345679013	36.83586406362979
uninfected	29.893004115226336	15.54880694143167	42.40329218106996	55.71655820679682
