uninfected	65.58024691358025	203.4302241503977	82.43621399176955	227.8640636297903
uninfected	232.69135802469137	18.880694143167027	250.46913580246914	44.24005784526392
uninfected	30.68312757201646	21.657266811279825	49.51440329218107	44.98047722342733
uninfected	102.32098765432099	145.49240780911063	119.04526748971193	172.1475054229935
uninfected	77.4320987654321	2.0361532899493855	96.52674897119341	26.099783080260302
uninfected	159.34156378600824	100.32682574114244	175.93415637860082	123.65003615328995
uninfected	52.806584362139915	228.23427331887203	71.37448559670781	252.48300795372379
uninfected	57.81069958847737	54.420824295010846	75.98353909465021	81.81634128705713
uninfected	43.325102880658434	109.39696312364426	61.49794238683128	134.75632682574116
uninfected	98.76543209876543	88.10990600144613	117.46502057613169	113.28416485900217
uninfected	60.839506172839506	4.072306579898771	78.48559670781893	32.393347794649316
uninfected	165.92592592592592	8.514822848879248	184.09876543209876	34.05929139551699
uninfected	67.42386831275721	176.0347071583514	84.41152263374485	197.87707881417208
uninfected	1.0534979423868314	197.32176428054953	17.646090534979425	224.90238611713667
uninfected	180.80658436213992	77.18872017353578	200.95473251028807	101.80766449746928
uninfected	221.89300411522635	45.9060014461316	241.77777777777777	70.89515545914678
uninfected	19.48971193415638	48.31236442516269	39.63786008230453	74.412147505423
uninfected	134.71604938271605	131.60954446854663	153.28395061728395	157.89443239334778
uninfected	49.382716049382715	204.72595806218365	65.84362139917695	230.08532176428054
uninfected	144.59259259259258	150.3051337671728	163.6872427983539	175.294287780188
uninfected	32.79012345679013	195.470715835141	52.148148148148145	221.01518438177874
uninfected	111.67078189300412	46.09110629067245	130.50205761316872	72.56109906001446
uninfected	34.50205761316872	218.23861171366593	53.333333333333336	246.9298626174982
uninfected	62.81481481481482	83.66738973246565	81.11934156378601	107.54591467823572
uninfected	85.59670781893004	219.34924078091106	104.559670781893	245.07881417208966
uninfected	167.11111111111111	119.02241503976862	184.49382716049382	143.82646420824295
uninfected	85.86008230452676	22.212581344902386	105.61316872427983	49.79320318148952
uninfected	75.98353909465021	62.38033261026754	96.13168724279835	86.6290672451193
uninfected	138.2716049382716	56.271872740419376	157.49794238683128	83.66738973246565
uninfected	236.37860082304528	122.53940708604483	254.8148148148148	144.93709327548808
uninfected	225.05349794238683	77.00361532899494	243.4897119341564	101.62255965292842
uninfected	87.30864197530865	121.61388286334056	107.32510288065843	150.67534345625452
uninfected	114.3045267489712	8.885032537960955	134.0576131687243	33.68908170643529
uninfected	61.76131687242798	141.97541576283442	82.83127572016461	167.51988430947216
uninfected	71.63786008230453	131.05422993492408	89.28395061728395	156.59869848156183
uninfected	212.2798353909465	64.78669558929863	230.320987654321	89.59074475777295
uninfected	181.20164609053498	97.36514822848879	200.69135802469137	124.57556037599421
uninfected	31.209876543209877	120.31814895155459	49.90946502057613	149.5647143890094
uninfected	199.11111111111111	83.1120751988431	216.3621399176955	113.83947939262472
uninfected	152.49382716049382	129.01807664497468	173.56378600823047	155.30296456977584
uninfected	190.5514403292181	121.4287780187997	212.67489711934155	147.71366594360086
uninfected	69.66255144032922	38.31670281995662	90.07407407407408	63.120751988430946
uninfected	14.353909465020577	222.31091829356473	35.55555555555556	245.07881417208966
uninfected	237.4320987654321	65.34201012292118	255.60493827160494	91.44179320318149
uninfected	215.440329218107	92.92263195950831	235.32510288065845	124.20535068691251
uninfected	205.82716049382717	103.10339840925525	223.34156378600824	135.3116413593637
uninfected	227.4238683127572	106.99060014461315	244.93827160493828	138.0882140274765
uninfected	45.958847736625515	0.0	63.34156378600823	24.248734634851772
infected	38.97942386831276	39.982646420824295	61.89300411522634	70.15473608098337
infected	36.08230452674897	66.82284887924801	58.60082304526749	97.7353579175705
infected	201.21810699588477	51.8293564714389	223.20987654320987	80.52060737527115
