uninfected	211.88477366255145	204.72595806218365	231.11111111111111	231.93637020968907
uninfected	75.7201646090535	209.72378886478668	93.36625514403292	237.30441070137383
uninfected	45.4320987654321	208.057845263919	63.73662551440329	234.71294287780188
uninfected	204.5102880658436	231.56616052060738	221.23456790123456	254.14895155459146
uninfected	76.24691358024691	182.32827187274043	96.13168724279835	211.38973246565436
uninfected	12.378600823045268	217.86840202458424	30.2880658436214	240.63629790310918
uninfected	92.97119341563786	203.98553868402024	112.32921810699588	231.19595083152566
uninfected	104.29629629629629	225.0874909616775	125.10288065843622	253.5936370209689
uninfected	221.36625514403292	69.78452639190166	239.01234567901236	99.21619667389733
uninfected	30.02469135802469	83.85249457700651	49.251028806584365	110.50759219088937
uninfected	78.74897119341564	115.1352133044107	98.37037037037037	142.34562545191613
uninfected	169.7448559670782	188.62183658712942	189.36625514403292	215.46203904555315
uninfected	6.4526748971193415	45.53579175704989	23.703703703703702	73.85683297180043
uninfected	28.444444444444443	163.8177874186551	45.16872427983539	190.47288503253796
uninfected	202.79835390946502	98.29067245119306	222.02469135802468	121.4287780187997
uninfected	52.016460905349795	26.46999276934201	71.24279835390946	54.23571945046999
uninfected	181.7283950617284	116.61605206073753	199.76954732510288	142.53073029645697
uninfected	228.21399176954733	160.3007953723789	249.28395061728395	183.6240057845264
uninfected	180.41152263374485	167.3347794649313	198.97942386831275	193.0643528561099
uninfected	121.1522633744856	217.68329718004338	140.77366255144034	243.96818510484454
uninfected	207.93415637860082	177.51554591467823	224.9218106995885	201.57917570498915
uninfected	32.0	58.308026030368765	52.148148148148145	85.70354302241503
uninfected	219.1275720164609	138.82863340563992	239.1440329218107	163.07736804049168
uninfected	239.53909465020575	223.05133767172813	255.86831275720164	248.0404916847433
uninfected	54.650205761316876	168.0751988430947	74.27160493827161	197.5068691250904
uninfected	129.05349794238683	160.85610990600145	149.9917695473251	189.177151120752
uninfected	117.06995884773663	198.80260303687635	139.45679012345678	219.1641359363702
uninfected	112.72427983539094	132.90527838033262	129.7119341563786	154.37744034707157
uninfected	9.876543209876543	25.544468546637745	34.23868312757202	50.71872740419378
uninfected	136.2962962962963	145.6775126536515	157.36625514403292	170.85177151120752
uninfected	96.92181069958848	161.96673897324658	113.11934156378601	191.95372378886478
uninfected	18.304526748971192	110.69269703543023	45.56378600823045	133.09038322487348
uninfected	70.18930041152264	136.60737527114966	92.57613168724279	159.37527114967463
uninfected	168.69135802469137	22.027476500361534	187.78600823045267	46.646420824295014
uninfected	234.0082304526749	59.418655097613886	252.0493827160494	88.85032537960954
uninfected	194.23868312757202	119.76283441793203	214.91358024691357	152.89660159074475
uninfected	37.794238683127574	129.7584960231381	54.91358024691358	167.14967462039044
uninfected	9.349794238683128	3.8872017353579174	30.02469135802469	31.467823571945047
uninfected	157.10288065843622	143.82646420824295	176.8559670781893	170.66666666666666
uninfected	60.181069958847736	233.41720896601592	77.16872427983539	254.88937093275487
uninfected	106.53497942386831	150.12002892263195	124.18106995884774	182.14316702819957
uninfected	10.798353909465021	202.31959508315256	31.868312757201647	220.64497469269705
uninfected	235.7201646090535	91.25668835864063	255.60493827160494	119.20751988430948
uninfected	10.534979423868313	87.73969631236443	30.2880658436214	112.91395516992046
uninfected	220.70781893004116	97.92046276211136	239.80246913580248	125.50108459869848
uninfected	162.63374485596708	153.45191612436733	182.5185185185185	182.69848156182212
uninfected	227.1604938271605	119.94793926247289	245.9917695473251	145.6775126536515
uninfected	72.42798353909465	158.44974692697036	89.02057613168725	187.32610267534346
uninfected	119.70370370370371	142.71583514099783	137.4814814814815	168.81561822125815
uninfected	66.89711934156378	14.99349240780911	89.28395061728395	39.05712219812003
uninfected	1.316872427983539	68.8590021691974	19.094650205761315	94.21836587129428
uninfected	59.25925925925926	147.89877078814172	77.03703703703704	177.33044107013737
uninfected	194.23868312757202	162.70715835141	210.69958847736626	193.43456254519162
uninfected	206.35390946502056	160.48590021691973	232.16460905349794	188.99204627621114
uninfected	10.40329218106996	177.7006507592191	26.732510288065843	202.50469992769342
uninfected	205.4320987654321	34.984815618221255	225.4485596707819	62.75054229934924
uninfected	44.641975308641975	70.89515545914678	63.73662551440329	99.58640636297903
uninfected	53.20164609053498	128.09255242227042	70.5843621399177	151.23065798987707
uninfected	13.695473251028806	123.65003615328995	39.111111111111114	145.30730296456977
infected	147.62139917695472	166.2241503976862	169.21810699588477	199.91323210412148
infected	176.32921810699588	138.82863340563992	199.24279835390948	170.48156182212583
uninfected	50.83127572016461	104.76934201012293	70.45267489711934	130.49891540130153
uninfected	33.44855967078189	33.31887201735358	53.991769547325106	60.34417932031815
infected	14.090534979423868	66.45263919016631	36.74074074074074	93.66305133767173
uninfected	12.378600823045268	150.49023861171366	33.44855967078189	179.36659436008676
uninfected	197.53086419753086	144.19667389732464	219.3909465020576	168.44540853217643
uninfected	211.4897119341564	114.57989877078815	230.71604938271605	146.04772234273318
uninfected	49.90946502057613	1.1106290672451193	72.03292181069959	29.98698481561822
uninfected	20.80658436213992	41.27838033261027	39.63786008230453	73.11641359363702
uninfected	26.469135802469136	4.6276211135213305	52.016460905349795	31.09761388286334
uninfected	31.34156378600823	16.289226319595084	59.91769547325103	40.908170643528564
uninfected	17.77777777777778	138.4584237165582	43.193415637860085	166.03904555314534
uninfected	0.7901234567901234	131.97975415762835	18.304526748971192	161.96673897324658
uninfected	8.691358024691358	162.70715835141	31.868312757201647	192.3239334779465
uninfected	87.17695473251028	148.63919016630513	106.79835390946502	178.99638467100507
