uninfected	188.0493827160494	59.60375994215474	206.74897119341563	83.85249457700651
uninfected	116.80658436213992	39.05712219812003	133.53086419753086	65.34201012292118
uninfected	87.83539094650206	16.474331164135936	104.42798353909465	43.1294287780188
uninfected	7.637860082304527	219.1641359363702	26.337448559670783	242.8575560375994
uninfected	68.74074074074075	12.587129428778018	87.440329218107	38.50180766449747
uninfected	169.87654320987653	65.89732465654374	186.73251028806584	91.44179320318149
uninfected	54.781893004115226	44.24005784526392	73.48148148148148	68.30368763557483
uninfected	58.60082304526749	127.35213304410702	75.7201646090535	149.74981923355026
uninfected	66.89711934156378	63.120751988430946	84.41152263374485	90.70137382501808
uninfected	147.22633744855966	227.67895878524945	167.76954732510288	252.8532176428055
uninfected	209.64609053497944	63.3058568329718	228.8724279835391	84.59291395516992
uninfected	49.77777777777778	66.63774403470715	69.1358024691358	92.1822125813449
uninfected	136.95473251028807	141.42010122921187	153.679012345679	163.07736804049168
uninfected	204.11522633744855	27.765726681127983	222.68312757201647	53.310195227765725
uninfected	96.39506172839506	152.7114967462039	116.93827160493827	175.84960231381055
uninfected	32.39506172839506	66.63774403470715	49.90946502057613	92.92263195950831
uninfected	117.20164609053498	196.58134490238612	134.5843621399177	214.90672451193058
uninfected	166.18930041152262	122.90961677512654	186.33744855967078	147.71366594360086
uninfected	38.71604938271605	46.646420824295014	57.67901234567901	72.93130874909616
uninfected	167.24279835390948	146.23282718727404	187.3909465020576	168.0751988430947
uninfected	115.48971193415638	110.32248734634852	132.74074074074073	134.38611713665944
uninfected	184.88888888888889	115.32031814895156	199.6378600823045	140.67968185104846
uninfected	122.20576131687243	5.923355025307303	141.1687242798354	30.357194504699926
uninfected	198.18930041152262	127.16702819956616	219.65432098765433	150.49023861171366
uninfected	77.4320987654321	175.294287780188	99.29218106995884	199.35791757049893
uninfected	63.47325102880659	100.69703543022415	83.09465020576131	127.35213304410702
uninfected	13.958847736625515	104.39913232104121	35.818930041152264	129.20318148951554
uninfected	77.30041152263375	44.24005784526392	96.52674897119341	72.56109906001446
uninfected	134.320987654321	26.46999276934201	149.9917695473251	59.60375994215474
uninfected	64.0	34.05929139551699	83.22633744855968	53.12509038322487
uninfected	95.86831275720165	69.2292118582791	114.3045267489712	99.21619667389733
uninfected	110.74897119341564	221.75560375994215	133.3991769547325	241.0065075921909
uninfected	51.62139917695473	89.0354302241504	74.40329218106996	115.69052783803326
uninfected	137.87654320987653	57.7527114967462	155.65432098765433	87.55459146782357
uninfected	82.17283950617283	218.7939262472885	99.55555555555556	242.8575560375994
uninfected	200.69135802469137	97.92046276211136	221.10288065843622	127.53723788864787
uninfected	43.193415637860085	115.32031814895156	61.49794238683128	139.56905278380333
uninfected	182.2551440329218	81.0759219088937	203.19341563786008	107.91612436731742
uninfected	187.25925925925927	140.8647866955893	212.41152263374485	165.85394070860448
uninfected	83.88477366255144	193.80477223427332	101.79423868312757	217.31308749096166
uninfected	167.50617283950618	91.44179320318149	196.74074074074073	117.17136659436008
uninfected	193.97530864197532	41.64859002169197	222.8148148148148	62.56543745480839
uninfected	206.09053497942386	2.9616775126536514	218.07407407407408	21.28705712219812
infected	80.06584362139918	117.9117859725235	100.08230452674897	145.6775126536515
infected	108.90534979423869	134.75632682574116	130.37037037037038	162.33694866232827
infected	104.559670781893	174.92407809110628	126.41975308641975	199.91323210412148
infected	108.64197530864197	58.49313087490962	127.60493827160494	91.25668835864063
infected	156.8395061728395	105.69486623282718	179.62139917695472	130.68402024584236
infected	21.069958847736626	81.63123644251627	38.8477366255144	107.73101952277658
infected	35.4238683127572	90.70137382501808	50.96296296296296	122.90961677512654
infected	206.74897119341563	83.1120751988431	226.10699588477365	109.2118582791034
