uninfected	175.40740740740742	88.48011569052784	193.4485596707819	113.46926970354302
uninfected	204.90534979423867	220.64497469269705	221.89300411522635	241.19161243673173
uninfected	184.88888888888889	211.75994215473608	202.53497942386832	237.85972523499638
uninfected	6.979423868312757	139.93926247288502	25.94238683127572	165.29862617498193
uninfected	168.95473251028807	209.90889370932754	185.4156378600823	231.19595083152566
uninfected	53.72839506172839	121.79898770788142	71.63786008230453	144.0115690527838
uninfected	138.13991769547326	135.3116413593637	156.8395061728395	159.93058568329718
uninfected	225.05349794238683	206.5770065075922	244.0164609053498	229.530007230658
uninfected	195.55555555555554	141.97541576283442	212.80658436213992	167.3347794649313
uninfected	189.36625514403292	183.06869125090384	207.1440329218107	208.057845263919
uninfected	93.89300411522633	1.851048445408532	112.98765432098766	24.433839479392624
uninfected	25.152263374485596	97.36514822848879	42.666666666666664	124.39045553145336
uninfected	5.135802469135802	217.68329718004338	19.753086419753085	244.8937093275488
uninfected	129.84362139917695	168.44540853217643	147.4897119341564	191.76861894432395
uninfected	224.13168724279836	28.69125090383225	244.2798353909465	54.420824295010846
uninfected	173.1687242798354	188.06652205350687	190.94650205761317	213.42588575560376
uninfected	101.92592592592592	103.6587129428778	120.62551440329219	129.7584960231381
uninfected	219.25925925925927	120.13304410701373	238.74897119341563	146.60303687635576
uninfected	227.02880658436214	53.680404916847436	246.78189300411523	78.29934924078091
uninfected	0.5267489711934157	161.22631959508314	19.753086419753085	187.881417208966
uninfected	206.74897119341563	98.29067245119306	226.10699588477365	123.0947216196674
uninfected	192.9218106995885	167.14967462039044	213.06995884773661	187.881417208966
uninfected	17.382716049382715	191.39840925524223	34.23868312757202	219.9045553145336
uninfected	233.61316872427983	0.925524222704266	247.7037037037037	31.467823571945047
uninfected	56.36213991769547	26.840202458423718	72.559670781893	52.75488069414317
uninfected	192.0	121.79898770788142	213.46502057613168	146.60303687635576
uninfected	4.477366255144033	104.76934201012293	21.333333333333332	134.38611713665944
uninfected	16.724279835390945	229.9002169197397	35.68724279835391	255.62979031091828
uninfected	23.440329218106996	208.057845263919	43.193415637860085	233.97252349963847
uninfected	23.045267489711936	19.436008676789587	40.559670781893004	49.0527838033261
uninfected	140.77366255144034	218.60882140274765	158.8148148148148	246.55965292841648
uninfected	203.19341563786008	199.17281272595807	222.15637860082305	223.236442516269
uninfected	197.53086419753086	48.86767895878525	216.23045267489712	77.5589298626175
uninfected	91.91769547325103	193.43456254519162	111.27572016460906	219.71945046999278
uninfected	181.33333333333334	136.42227042660883	197.53086419753086	153.82212581344902
uninfected	49.251028806584365	97.55025307302965	68.60905349794238	123.65003615328995
uninfected	145.90946502057614	6.848879248011569	163.29218106995884	35.72523499638467
uninfected	145.64609053497944	89.0354302241504	165.00411522633746	114.20968908170643
uninfected	171.58847736625515	176.59002169197396	190.41975308641975	193.43456254519162
uninfected	3.6872427983539096	41.27838033261027	22.386831275720166	69.04410701373826
uninfected	108.37860082304526	127.35213304410702	126.94650205761317	157.70932754880695
uninfected	165.66255144032922	0.0	185.81069958847738	24.804049168474332
infected	20.016460905349795	160.11569052783804	37.00411522633745	188.06652205350687
infected	177.25102880658437	151.78597252349965	195.55555555555554	177.33044107013737
