uninfected	132.6090534979424	158.2646420824295	148.14814814814815	182.69848156182212
uninfected	65.9753086419753	126.79681851048446	82.43621399176955	153.0817064352856
uninfected	81.77777777777777	129.20318148951554	98.63374485596708	151.0455531453362
uninfected	104.69135802469135	163.63268257411426	119.440329218107	182.88358640636298
uninfected	146.0411522633745	150.49023861171366	162.50205761316872	177.33044107013737
uninfected	54.91358024691358	37.76138828633405	73.08641975308642	62.56543745480839
uninfected	48.8559670781893	189.177151120752	65.58024691358025	213.42588575560376
uninfected	129.31687242798353	115.32031814895156	145.51440329218107	137.53289949385393
uninfected	160.39506172839506	109.02675343456255	176.8559670781893	134.20101229211858
uninfected	118.12345679012346	169.92624728850325	135.6378600823045	195.28561099060013
uninfected	4.872427983539095	92.36731742588576	23.308641975308642	115.32031814895156
uninfected	108.11522633744856	142.34562545191613	125.10288065843622	161.96673897324658
uninfected	35.02880658436214	218.0535068691251	53.72839506172839	243.412870571222
uninfected	142.48559670781893	71.6355748373102	161.84362139917695	96.25451916124368
uninfected	110.22222222222223	2.7765726681127982	128.2633744855967	26.099783080260302
uninfected	44.90534979423868	52.01446131597975	64.26337448559671	74.7823571945047
uninfected	145.25102880658437	94.77368040491685	164.6090534979424	120.31814895155459
uninfected	53.991769547325106	213.9812002892263	70.71604938271605	238.2299349240781
uninfected	197.1358024691358	223.60665220535068	213.9917695473251	246.1894432393348
uninfected	80.72427983539094	191.0281995661605	98.23868312757202	218.23861171366593
uninfected	7.637860082304527	213.9812002892263	26.469135802469136	238.41503976861895
uninfected	11.983539094650206	18.32537960954447	27.91769547325103	40.723065798987705
uninfected	183.04526748971193	233.97252349963847	199.11111111111111	255.2595806218366
uninfected	238.35390946502056	131.42443962400577	255.20987654320987	160.3007953723789
uninfected	67.6872427983539	23.69342010122921	83.62139917695474	41.833694866232825
uninfected	148.14814814814815	50.348517715112074	166.71604938271605	74.59725234996385
uninfected	134.84773662551441	30.357194504699926	155.1275720164609	56.08676789587852
uninfected	8.954732510288066	57.3825018076645	27.91769547325103	81.26102675343456
uninfected	225.97530864197532	168.6305133767173	243.22633744855966	190.2877801879971
uninfected	146.5679012345679	179.55169920462762	163.55555555555554	203.06001446131597
uninfected	60.839506172839506	74.04193781634129	77.4320987654321	104.76934201012293
uninfected	3.8189300411522633	41.093275488069416	25.152263374485596	63.86117136659436
uninfected	213.33333333333334	229.9002169197397	231.3744855967078	254.70426608821404
uninfected	203.9835390946502	129.57339117859726	223.0781893004115	156.04338394793928
uninfected	77.56378600823045	43.68474331164136	92.8395061728395	64.78669558929863
uninfected	32.52674897119341	84.22270426608821	50.5679012345679	109.02675343456255
uninfected	29.234567901234566	200.83875632682575	48.98765432098765	220.64497469269705
uninfected	23.703703703703702	27.395516992046275	40.82304526748971	52.199566160520604
uninfected	25.54732510288066	57.01229211858279	44.510288065843625	85.14822848879248
uninfected	205.03703703703704	206.2067968185105	223.7366255144033	231.56616052060738
uninfected	97.84362139917695	127.72234273318873	118.12345679012346	152.7114967462039
uninfected	76.77366255144032	97.7353579175705	96.65843621399176	127.53723788864787
uninfected	110.22222222222223	89.96095444685466	127.86831275720165	116.80115690527838
uninfected	77.30041152263375	64.97180043383948	95.73662551440329	94.9587852494577
uninfected	15.934156378600823	154.7476500361533	35.95061728395062	179.55169920462762
uninfected	188.18106995884773	196.02603036876357	203.58847736625515	228.78958785249458
uninfected	48.065843621399175	84.59291395516992	65.9753086419753	114.02458423716558
uninfected	237.4320987654321	225.45770065075922	255.86831275720164	251.55748373101952
uninfected	87.96707818930041	28.506146059291396	105.21810699588477	51.08893709327549
uninfected	16.59259259259259	79.59508315256689	35.4238683127572	104.95444685466377
uninfected	101.92592592592592	56.08676789587852	123.78600823045268	77.74403470715835
uninfected	125.49794238683127	9.81055676066522	144.46090534979425	37.5762834417932
uninfected	162.10699588477365	80.705712219812	180.14814814814815	107.17570498915401
uninfected	98.76543209876543	75.70788141720897	115.22633744855968	96.99493853940709
uninfected	39.63786008230453	31.09761388286334	56.757201646090536	56.08676789587852
uninfected	220.8395061728395	136.79248011569052	238.09053497942386	166.5943600867679
uninfected	226.37037037037038	188.43673174258856	244.80658436213992	206.76211135213305
uninfected	171.9835390946502	196.2111352133044	190.2880658436214	225.64280549530008
uninfected	49.90946502057613	10.92118582791034	64.26337448559671	40.53796095444685
uninfected	75.58847736625515	2.9616775126536514	96.13168724279835	27.02530730296457
uninfected	93.62962962962963	104.58423716558207	113.64609053497942	128.647866955893
uninfected	15.1440329218107	124.76066522053507	32.65843621399177	148.26898047722344
uninfected	202.93004115226339	157.5242227042661	226.76543209876544	185.1048445408532
uninfected	191.86831275720164	177.7006507592191	211.88477366255145	202.68980477223428
uninfected	193.05349794238683	148.26898047722344	213.7283950617284	178.81127982646422
uninfected	119.04526748971193	61.269703543022416	142.09053497942386	86.2588575560376
uninfected	24.23045267489712	8.329718004338394	41.218106995884774	29.24656543745481
uninfected	209.90946502057614	176.96023138105568	229.79423868312756	199.17281272595807
uninfected	94.41975308641975	3.331887201735358	111.67078189300412	29.98698481561822
uninfected	40.82304526748971	72.0057845263919	62.02469135802469	91.62689804772235
uninfected	39.901234567901234	14.067968185104844	54.781893004115226	40.908170643528564
uninfected	129.58024691358025	46.2762111352133	147.4897119341564	72.37599421547361
uninfected	116.80658436213992	76.81851048445408	133.79423868312756	103.47360809833695
uninfected	88.23045267489712	85.70354302241503	110.61728395061728	110.69269703543023
uninfected	106.13991769547324	217.86840202458424	125.76131687242798	243.412870571222
infected	220.0493827160494	204.35574837310196	247.7037037037037	233.97252349963847
uninfected	0.3950617283950617	183.80911062906725	23.440329218106996	211.38973246565436
uninfected	101.39917695473251	43.31453362255965	128.39506172839506	62.19522776572668
uninfected	118.12345679012346	21.28705712219812	135.50617283950618	52.75488069414317
uninfected	103.63786008230453	19.806218365871295	121.67901234567901	45.53579175704989
uninfected	201.21810699588477	194.17498192335503	225.84362139917695	215.46203904555315
uninfected	133.79423868312756	81.63123644251627	149.9917695473251	102.73318872017353
uninfected	128.39506172839506	97.55025307302965	147.35802469135803	117.17136659436008
uninfected	75.58847736625515	23.878524945770064	94.94650205761317	47.01663051337672
