uninfected	4.7407407407407405	126.9819233550253	21.069958847736626	151.41576283441793
uninfected	2.2386831275720165	204.72595806218365	18.43621399176955	226.56832971800435
uninfected	179.22633744855966	88.48011569052784	196.8724279835391	112.54374548083875
uninfected	26.995884773662553	113.65437454808388	45.958847736625515	137.7180043383948
uninfected	122.73251028806584	176.59002169197396	140.37860082304528	198.9877078814172
uninfected	4.2139917695473255	151.97107736804048	21.333333333333332	173.998553868402
uninfected	53.333333333333336	171.03687635574838	71.63786008230453	193.61966738973246
uninfected	198.5843621399177	46.461315979754154	215.96707818930042	71.45046999276934
uninfected	194.63374485596708	221.2002892263196	213.33333333333334	248.41070137382502
uninfected	222.94650205761317	37.020968908170644	241.90946502057614	61.084598698481564
uninfected	83.88477366255144	100.69703543022415	101.79423868312757	123.4649313087491
uninfected	227.81893004115227	94.03326102675344	245.9917695473251	117.72668112798264
uninfected	18.43621399176955	219.71945046999278	36.74074074074074	242.67245119305858
uninfected	227.9506172839506	132.5350686912509	246.38683127572017	158.07953723788864
uninfected	133.1358024691358	231.19595083152566	148.80658436213992	253.2234273318872
uninfected	60.5761316872428	127.90744757772957	79.80246913580247	151.23065798987707
uninfected	58.60082304526749	151.97107736804048	78.09053497942386	173.07302964569777
uninfected	30.2880658436214	160.85610990600145	50.17283950617284	185.47505422993493
uninfected	185.81069958847738	141.60520607375273	203.85185185185185	163.63268257411426
uninfected	177.3827160493827	160.6710050614606	192.39506172839506	181.587852494577
uninfected	166.97942386831275	145.1221981200289	182.78189300411523	164.37310195227766
uninfected	136.95473251028807	15.919016630513378	156.18106995884773	41.46348517715112
uninfected	148.14814814814815	231.56616052060738	165.26748971193416	253.40853217642805
uninfected	223.60493827160494	165.11352133044107	242.3045267489712	185.47505422993493
uninfected	141.9588477366255	204.54085321764282	161.05349794238683	230.82574114244397
uninfected	170.40329218106996	180.66232827187275	187.1275720164609	200.65365148228489
uninfected	61.10288065843621	7.959508315256689	81.51440329218107	33.133767172812725
uninfected	19.48971193415638	37.2060737527115	39.76954732510288	60.89949385394071
uninfected	122.33744855967078	128.46276211135213	141.56378600823047	151.6008676789588
uninfected	111.27572016460906	72.0057845263919	130.10699588477365	95.88430947216197
uninfected	179.62139917695472	111.43311641359364	198.5843621399177	132.1648590021692
uninfected	51.489711934156375	103.47360809833695	64.65843621399176	124.39045553145336
uninfected	72.69135802469135	21.84237165582068	91.65432098765432	48.682574114244396
uninfected	182.5185185185185	186.03036876355748	198.45267489711935	208.24295010845987
uninfected	142.6172839506173	173.62834417932032	159.7366255144033	196.2111352133044
uninfected	15.539094650205762	173.07302964569777	32.92181069958848	197.87707881417208
uninfected	58.60082304526749	77.00361532899494	77.56378600823045	105.13955169920463
uninfected	126.55144032921811	149.00939985538685	142.35390946502056	168.26030368763557
uninfected	135.3744855967078	156.2284887924801	150.12345679012347	180.10701373825017
uninfected	149.7283950617284	155.4880694143167	162.37037037037038	170.66666666666666
uninfected	4.082304526748971	233.41720896601592	21.596707818930042	255.81489515545914
uninfected	143.80246913580248	49.79320318148952	164.08230452674897	75.1525668835864
uninfected	205.4320987654321	27.395516992046275	224.0	51.459146782357195
uninfected	239.93415637860082	2.591467823571945	255.86831275720164	25.174258857556037
uninfected	199.11111111111111	0.0	218.99588477366254	21.472161966738973
infected	140.90534979423867	118.09689081706435	162.23868312757202	148.26898047722344
