uninfected	119.96707818930041	214.16630513376717	138.2716049382716	237.67462039045554
uninfected	80.5925925925926	218.60882140274765	99.02880658436214	242.67245119305858
uninfected	96.92181069958848	147.1583514099783	115.48971193415638	172.33261026753433
uninfected	188.0493827160494	160.48590021691973	207.27572016460906	183.2537960954447
uninfected	150.78189300411523	131.05422993492408	169.87654320987653	154.7476500361533
uninfected	164.21399176954733	91.44179320318149	181.9917695473251	118.65220535068691
uninfected	80.8559670781893	61.63991323210412	100.34567901234568	87.92480115690527
uninfected	141.6954732510288	60.71438900939985	160.13168724279836	86.44396240057846
uninfected	152.6255144032922	35.35502530730297	172.5102880658436	65.15690527838034
uninfected	87.04526748971193	23.13810556760665	106.13991769547324	47.75704989154013
uninfected	125.49794238683127	192.3239334779465	145.90946502057614	217.86840202458424
uninfected	93.89300411522633	121.61388286334056	112.72427983539094	148.824295010846
uninfected	167.24279835390948	134.75632682574116	188.3127572016461	160.11569052783804
uninfected	50.041152263374485	4.997830802603037	68.47736625514403	31.838033261026755
uninfected	49.77777777777778	47.94215473608099	70.97942386831275	72.56109906001446
uninfected	195.02880658436214	15.363702096890817	213.46502057613168	41.64859002169197
uninfected	183.83539094650206	177.33044107013737	203.45679012345678	203.24511930585683
uninfected	137.7448559670782	215.83224873463485	156.5761316872428	240.45119305856832
uninfected	160.9218106995885	156.2284887924801	180.41152263374485	182.14316702819957
uninfected	154.20576131687244	206.5770065075922	172.90534979423867	232.86189443239334
uninfected	146.69958847736626	104.95444685466377	168.8230452674897	130.86912509038322
uninfected	178.69958847736626	53.310195227765725	198.84773662551441	78.85466377440348
uninfected	112.06584362139918	109.76717281272596	132.34567901234567	134.75632682574116
uninfected	24.625514403292183	190.47288503253796	43.193415637860085	216.57266811279825
uninfected	186.07407407407408	123.4649313087491	202.40329218106996	147.89877078814172
uninfected	223.0781893004115	42.38900939985539	244.0164609053498	69.04410701373826
uninfected	178.0411522633745	216.94287780187997	197.92592592592592	241.0065075921909
uninfected	95.73662551440329	73.11641359363702	115.62139917695474	101.25234996384671
uninfected	147.62139917695472	227.49385394070862	167.50617283950618	254.33405639913232
uninfected	190.5514403292181	92.1822125813449	210.3045267489712	118.83731019522777
uninfected	65.9753086419753	31.467823571945047	86.65020576131687	56.64208242950109
uninfected	80.72427983539094	138.82863340563992	98.37037037037037	162.1518438177874
uninfected	69.00411522633745	197.13665943600867	87.57201646090535	225.8279103398409
uninfected	193.7119341563786	38.131597975415765	214.12345679012347	62.935647143890094
uninfected	197.92592592592592	121.79898770788142	212.0164609053498	141.79031091829356
uninfected	40.03292181069959	20.361532899493852	61.36625514403292	47.38684020245842
uninfected	110.22222222222223	62.010122921185825	129.84362139917695	89.59074475777295
uninfected	69.1358024691358	108.28633405639913	88.75720164609054	134.38611713665944
uninfected	23.308641975308642	212.5003615328995	42.40329218106996	240.63629790310918
uninfected	121.4156378600823	91.07158351409979	140.11522633744855	114.95010845986985
uninfected	47.934156378600825	130.86912509038322	67.55555555555556	156.96890817064352
uninfected	165.79423868312756	176.0347071583514	186.73251028806584	203.06001446131597
uninfected	177.77777777777777	87.55459146782357	194.23868312757202	121.24367317425886
uninfected	136.69135802469137	86.07375271149675	153.679012345679	105.50976138828634
uninfected	66.37037037037037	152.15618221258134	86.65020576131687	171.40708604483007
uninfected	41.08641975308642	148.824295010846	64.0	170.48156182212583
uninfected	51.75308641975309	225.27259580621836	76.37860082304526	247.3000723065799
uninfected	186.07407407407408	67.56326825741142	205.03703703703704	96.62472885032538
uninfected	213.46502057613168	27.02530730296457	234.40329218106996	48.497469269703544
uninfected	108.24691358024691	89.40563991323211	124.04938271604938	113.09906001446132
uninfected	201.7448559670782	75.1525668835864	219.25925925925927	98.1055676066522
uninfected	61.629629629629626	127.90744757772957	83.35802469135803	155.117859725235
uninfected	165.53086419753086	226.75343456254518	182.65020576131687	256.0
uninfected	197.26748971193416	138.0882140274765	208.8559670781893	150.86044830079538
uninfected	169.21810699588477	199.17281272595807	196.47736625514403	221.5704989154013
infected	149.06995884773661	171.96240057845264	167.3744855967078	199.91323210412148
infected	117.20164609053498	44.610267534345624	145.64609053497944	70.15473608098337
infected	209.3827160493827	1.851048445408532	232.2962962962963	30.727404193781634
infected	45.82716049382716	168.0751988430947	77.16872427983539	190.84309472161968
infected	83.62139917695474	102.73318872017353	103.90123456790124	138.82863340563992
infected	39.111111111111114	178.4410701373825	59.91769547325103	206.39190166305133
uninfected	126.0246913580247	67.56326825741142	147.09465020576133	94.40347071583514
uninfected	37.53086419753087	204.35574837310196	53.991769547325106	230.64063629790311
uninfected	58.074074074074076	188.80694143167028	79.01234567901234	226.75343456254518
