uninfected	173.6954732510288	58.12292118582791	189.62962962962962	79.22487346348518
uninfected	160.2633744855967	75.89298626174983	177.51440329218107	99.95661605206074
uninfected	116.41152263374485	112.54374548083875	131.4238683127572	140.4945770065076
uninfected	183.96707818930042	36.83586406362979	200.42798353909464	64.60159074475777
uninfected	129.31687242798353	113.28416485900217	148.80658436213992	139.01373825018078
uninfected	54.650205761316876	203.24511930585683	74.93004115226337	225.0874909616775
uninfected	147.4897119341564	99.95661605206074	163.6872427983539	126.05639913232105
uninfected	50.96296296296296	164.00289226319595	68.60905349794238	189.177151120752
uninfected	92.04938271604938	119.02241503976862	110.74897119341564	145.49240780911063
uninfected	176.98765432098764	10.550976138828634	195.1604938271605	37.5762834417932
uninfected	56.098765432098766	226.01301518438177	74.27160493827161	243.412870571222
uninfected	146.43621399176953	67.74837310195228	164.6090534979424	94.40347071583514
uninfected	97.7119341563786	143.82646420824295	116.54320987654322	171.03687635574838
uninfected	80.06584362139918	136.23716558206797	97.44855967078189	156.04338394793928
uninfected	58.46913580246913	182.32827187274043	79.1440329218107	206.02169197396964
uninfected	86.78189300411523	198.6174981923355	105.87654320987654	223.42154736080983
uninfected	0.0	130.31381055676067	18.304526748971192	155.117859725235
uninfected	142.6172839506173	225.45770065075922	161.4485596707819	251.74258857556038
uninfected	66.10699588477367	150.67534345625452	84.93827160493827	176.59002169197396
uninfected	149.46502057613168	151.6008676789588	164.47736625514403	181.9580621836587
uninfected	158.94650205761317	49.608098336948665	176.46090534979425	72.74620390455532
uninfected	194.63374485596708	55.16124367317426	214.12345679012347	78.11424439624005
uninfected	118.78189300411523	227.1236442516269	136.95473251028807	251.18727404193783
uninfected	130.63374485596708	11.291395516992047	151.440329218107	37.39117859725235
uninfected	125.10288065843622	140.12436731742588	145.64609053497944	158.44974692697036
uninfected	144.8559670781893	206.76211135213305	159.7366255144033	222.31091829356473
uninfected	149.7283950617284	185.84526391901662	167.6378600823045	211.38973246565436
uninfected	167.11111111111111	31.282718727404195	185.9423868312757	56.08676789587852
uninfected	105.21810699588477	166.9645697758496	120.62551440329219	191.95372378886478
uninfected	121.94238683127573	168.81561822125815	139.9835390946502	193.43456254519162
uninfected	97.18518518518519	189.9175704989154	117.06995884773663	211.01952277657267
uninfected	98.23868312757202	105.69486623282718	118.51851851851852	131.97975415762835
uninfected	89.54732510288066	166.03904555314534	108.11522633744856	194.73029645697758
uninfected	122.8641975308642	193.43456254519162	142.22222222222223	221.2002892263196
uninfected	96.92181069958848	230.45553145336225	118.65020576131687	255.2595806218366
uninfected	144.32921810699588	10.180766449746926	160.2633744855967	47.75704989154013
uninfected	131.29218106995884	151.78597252349965	149.9917695473251	181.9580621836587
uninfected	67.95061728395062	173.2581344902386	90.99588477366255	196.2111352133044
uninfected	91.91769547325103	217.31308749096166	112.5925925925926	239.15545914678236
uninfected	82.04115226337449	151.78597252349965	99.55555555555556	180.4772234273319
uninfected	113.90946502057614	202.50469992769342	134.84773662551441	230.08532176428054
uninfected	149.59670781893004	35.91033984092552	170.40329218106996	61.269703543022416
uninfected	137.08641975308643	174.36876355748373	156.18106995884773	207.50253073029646
infected	160.52674897119343	8.514822848879248	180.14814814814815	37.2060737527115
infected	71.37448559670781	209.72378886478668	92.57613168724279	238.60014461315978
uninfected	134.0576131687243	217.31308749096166	155.1275720164609	241.56182212581345
uninfected	107.06172839506173	208.61315979754158	122.46913580246914	245.81923355025307
