uninfected	126.41975308641975	181.2176428054953	144.19753086419752	204.9110629067245
uninfected	15.012345679012345	224.7172812725958	30.94650205761317	246.55965292841648
uninfected	84.01646090534979	194.54519161243672	102.97942386831275	219.9045553145336
uninfected	24.88888888888889	140.4945770065076	41.48148148148148	161.411424439624
uninfected	159.20987654320987	226.93853940708604	174.74897119341563	250.63195950831525
uninfected	41.08641975308642	203.98553868402024	58.732510288065846	223.236442516269
uninfected	52.93827160493827	185.47505422993493	68.21399176954732	208.98336948662327
uninfected	62.946502057613166	201.3940708604483	83.35802469135803	224.3470715835141
uninfected	171.45679012345678	201.57917570498915	191.7366255144033	229.9002169197397
uninfected	96.92181069958848	231.38105567606652	116.2798353909465	254.70426608821404
uninfected	73.61316872427983	28.135936370209688	93.62962962962963	54.420824295010846
uninfected	53.06995884773662	144.93709327548808	72.95473251028807	171.40708604483007
uninfected	192.52674897119343	207.68763557483732	208.19753086419752	232.49168474331165
uninfected	34.76543209876543	112.17353579175705	52.674897119341566	137.3477946493131
uninfected	96.0	105.13955169920463	116.01646090534979	129.94360086767895
uninfected	49.382716049382715	168.44540853217643	67.42386831275721	191.5835140997831
uninfected	75.32510288065843	164.37310195227766	95.86831275720165	189.5473608098337
uninfected	200.8230452674897	174.73897324656545	220.0493827160494	196.58134490238612
uninfected	95.34156378600824	82.00144613159797	112.72427983539094	109.39696312364426
uninfected	206.48559670781893	212.68546637744035	221.49794238683128	241.3767172812726
uninfected	216.49382716049382	210.8344179320318	233.21810699588477	231.56616052060738
uninfected	231.11111111111111	19.62111352133044	251.91769547325103	47.571945046999275
uninfected	234.40329218106996	204.54085321764282	253.23456790123456	230.64063629790311
uninfected	130.89711934156378	156.78380332610269	150.91358024691357	183.43890093998553
uninfected	80.72427983539094	138.64352856109906	98.10699588477367	167.70498915401302
uninfected	233.87654320987653	148.63919016630513	251.78600823045267	176.59002169197396
uninfected	52.93827160493827	84.03759942154736	70.45267489711934	106.62039045553145
uninfected	185.9423868312757	73.30151843817788	205.03703703703704	101.06724511930585
uninfected	207.01234567901236	40.16775126536515	222.94650205761317	71.26536514822848
uninfected	215.57201646090536	193.0643528561099	235.58847736625515	213.61099060014462
uninfected	149.06995884773661	131.23933477946494	167.6378600823045	156.04338394793928
uninfected	194.76543209876544	141.04989154013015	215.83539094650206	168.81561822125815
uninfected	227.4238683127572	173.998553868402	242.3045267489712	199.17281272595807
uninfected	180.80658436213992	145.49240780911063	198.84773662551441	177.33044107013737
uninfected	101.1358024691358	210.0939985538684	116.01646090534979	232.12147505422993
uninfected	16.724279835390945	32.393347794649316	34.89711934156379	60.89949385394071
uninfected	230.320987654321	79.40997830802603	248.88888888888889	105.13955169920463
uninfected	17.25102880658436	111.80332610267534	32.92181069958848	135.3116413593637
uninfected	235.32510288065845	45.16558206796819	253.76131687242798	73.48662328271872
uninfected	66.63374485596708	87.36948662328273	82.3045267489712	121.058568329718
uninfected	12.641975308641975	52.75488069414317	35.95061728395062	76.81851048445408
uninfected	92.3127572016461	133.8308026030369	109.82716049382717	163.07736804049168
uninfected	145.3827160493827	174.36876355748373	163.55555555555554	199.17281272595807
uninfected	31.473251028806583	33.68908170643529	49.64609053497942	60.529284164859
uninfected	217.28395061728395	155.4880694143167	235.85185185185185	182.69848156182212
uninfected	106.27160493827161	40.908170643528564	125.23456790123457	68.30368763557483
uninfected	153.679012345679	2.9616775126536514	172.64197530864197	26.099783080260302
uninfected	145.77777777777777	150.67534345625452	165.66255144032922	176.21981200289227
uninfected	206.09053497942386	7.5892986261749815	225.1851851851852	43.1294287780188
uninfected	120.36213991769547	114.20968908170643	143.01234567901236	140.8647866955893
uninfected	218.20576131687244	59.418655097613886	238.48559670781893	86.44396240057846
uninfected	189.23456790123456	4.812725958062184	210.17283950617283	33.31887201735358
uninfected	129.4485596707819	22.9530007230658	149.06995884773661	49.608098336948665
uninfected	104.82304526748972	20.546637744034708	123.52263374485597	44.24005784526392
uninfected	189.10288065843622	183.6240057845264	208.19753086419752	207.3174258857556
uninfected	166.97942386831275	137.90310918293565	184.75720164609052	164.37310195227766
uninfected	37.794238683127574	75.5227765726681	54.51851851851852	106.4352856109906
uninfected	96.65843621399176	53.86550976138829	115.09465020576131	76.44830079537238
uninfected	135.90123456790124	132.1648590021692	150.91358024691357	154.56254519161243
uninfected	45.300411522633745	50.90383224873464	61.49794238683128	83.85249457700651
uninfected	58.33744855967078	55.71655820679682	75.32510288065843	87.73969631236443
uninfected	139.19341563786008	14.067968185104844	162.76543209876544	37.94649313087491
uninfected	122.33744855967078	100.32682574114244	139.58847736625515	123.8351409978308
uninfected	151.440329218107	57.56760665220535	174.35390946502056	81.63123644251627
uninfected	182.5185185185185	99.21619667389733	202.2716049382716	127.72234273318873
uninfected	178.96296296296296	21.84237165582068	199.11111111111111	49.42299349240781
uninfected	140.64197530864197	122.72451193058568	155.78600823045267	144.0115690527838
uninfected	161.84362139917695	170.66666666666666	184.23045267489712	196.02603036876357
uninfected	105.08641975308642	200.09833694866234	122.07407407407408	218.0535068691251
uninfected	212.54320987654322	93.47794649313087	230.71604938271605	117.35647143890094
uninfected	34.76543209876543	46.461315979754154	54.781893004115226	72.37599421547361
infected	33.58024691358025	151.97107736804048	55.04526748971193	179.92190889370931
infected	89.54732510288066	23.50831525668836	108.51028806584362	59.048445408532174
infected	11.588477366255145	69.96963123644251	32.79012345679013	109.2118582791034
uninfected	71.76954732510288	51.27404193781634	92.04938271604938	77.00361532899494
uninfected	134.71604938271605	91.44179320318149	155.1275720164609	122.53940708604483
uninfected	26.732510288065843	110.32248734634852	40.69135802469136	134.5712219812003
uninfected	119.30864197530865	31.467823571945047	138.40329218106996	61.82501807664497
uninfected	118.78189300411523	6.478669558929862	138.13991769547326	34.7997107736804
