uninfected	198.97942386831275	223.236442516269	216.75720164609052	247.6702819956616
uninfected	194.89711934156378	156.96890817064352	212.41152263374485	181.587852494577
uninfected	66.76543209876543	46.646420824295014	84.41152263374485	72.56109906001446
uninfected	212.2798353909465	158.44974692697036	232.03292181069958	179.36659436008676
uninfected	153.679012345679	167.51988430947216	172.64197530864197	188.80694143167028
uninfected	8.427983539094651	203.61532899493855	25.415637860082306	226.01301518438177
uninfected	216.6255144032922	176.59002169197396	234.2716049382716	200.46854663774403
uninfected	82.17283950617283	41.833694866232825	99.81893004115226	68.30368763557483
uninfected	73.48148148148148	71.26536514822848	91.65432098765432	92.73752711496746
uninfected	217.679012345679	210.8344179320318	238.48559670781893	234.71294287780188
uninfected	148.41152263374485	185.84526391901662	163.81893004115227	210.0939985538684
uninfected	14.090534979423868	109.5820679681851	30.419753086419753	132.34996384671004
uninfected	132.21399176954733	176.21981200289227	147.88477366255145	201.94938539407087
uninfected	119.57201646090535	51.08893709327549	139.06172839506172	76.26319595083153
uninfected	92.70781893004116	77.74403470715835	113.64609053497942	102.17787418655098
uninfected	108.24691358024691	165.48373101952276	126.0246913580247	192.87924801156905
uninfected	124.57613168724279	210.64931308749095	141.9588477366255	237.48951554591468
uninfected	14.222222222222221	74.59725234996385	33.31687242798354	102.91829356471439
uninfected	224.2633744855967	73.85683297180043	236.11522633744855	92.92263195950831
uninfected	201.87654320987653	178.4410701373825	218.8641975308642	203.61532899493855
uninfected	188.70781893004116	57.93781634128706	206.09053497942386	83.85249457700651
uninfected	179.4897119341564	219.53434562545192	200.69135802469137	243.412870571222
uninfected	20.54320987654321	218.60882140274765	42.13991769547325	242.48734634851772
uninfected	182.5185185185185	197.87707881417208	204.37860082304528	222.31091829356473
uninfected	157.36625514403292	222.49602313810556	174.09053497942386	248.0404916847433
uninfected	108.24691358024691	214.16630513376717	127.86831275720165	241.0065075921909
uninfected	166.5843621399177	183.06869125090384	188.5761316872428	202.8749096167751
uninfected	0.0	221.940708604483	18.699588477366255	246.37454808387562
uninfected	141.6954732510288	218.0535068691251	159.0781893004115	247.85538684020247
uninfected	119.96707818930041	175.6644974692697	135.50617283950618	207.50253073029646
uninfected	175.40740740740742	23.323210412147507	194.89711934156378	51.08893709327549
uninfected	1.1851851851851851	58.49313087490962	20.411522633744855	84.22270426608821
uninfected	201.08641975308643	37.5762834417932	219.1275720164609	61.45480838756327
uninfected	195.55555555555554	194.17498192335503	219.1275720164609	220.4598698481562
uninfected	108.51028806584362	194.17498192335503	126.15637860082305	218.0535068691251
uninfected	158.5514403292181	208.61315979754158	182.2551440329218	228.78958785249458
uninfected	167.6378600823045	144.93709327548808	178.8312757201646	169.00072306579898
uninfected	172.64197530864197	231.93637020968907	184.3621399176955	253.5936370209689
uninfected	164.47736625514403	47.94215473608099	184.3621399176955	75.1525668835864
uninfected	162.63374485596708	195.28561099060013	183.440329218107	216.20245842371656
infected	90.60082304526749	54.23571945046999	114.83127572016461	80.3355025307303
uninfected	135.11111111111111	198.06218365871294	157.89300411522635	223.236442516269
