uninfected	0.9997287392616272	47.73720169067383	110.67115783691406	64.05960083007812	132.7893829345703
uninfected	0.999575674533844	29.331405639648438	106.07022094726562	48.88479995727539	130.51963806152344
uninfected	0.999052107334137	19.552886962890625	57.360111236572266	38.076805114746094	81.24151611328125
uninfected	0.9988716244697571	118.09484100341797	175.82861328125	137.31333923339844	203.4838104248047
uninfected	0.9988460540771484	163.43780517578125	76.90157318115234	184.51620483398438	103.53348541259766
uninfected	0.9987112283706665	24.304880142211914	171.388671875	40.164493560791016	194.505859375
uninfected	0.9980226755142212	134.6273651123047	183.788330078125	155.90614318847656	204.6956329345703
uninfected	0.9979494214057922	189.94386291503906	57.557762145996094	208.24249267578125	80.74917602539062
uninfected	0.9978856444358826	182.87034606933594	76.56905364990234	202.2404327392578	99.69001007080078
uninfected	0.9974607229232788	92.40451049804688	45.99348449707031	112.43245697021484	69.97813415527344
uninfected	0.9954698085784912	112.86833953857422	60.16637420654297	128.1706085205078	85.58321380615234
uninfected	0.9932836294174194	119.7874984741211	47.63335037231445	135.67929077148438	76.27030944824219
uninfected	0.9922736287117004	135.9220428466797	215.08380126953125	155.6171417236328	240.26524353027344
uninfected	0.9881154298782349	132.71200561523438	51.38100814819336	149.91893005371094	73.78455352783203
uninfected	0.9850867986679077	93.00777435302734	231.06173706054688	111.16400146484375	254.3771209716797
uninfected	0.9710667729377747	141.0844268798828	15.224302291870117	165.31271362304688	36.849891662597656
uninfected	0.9510639905929565	94.25411987304688	148.19483947753906	112.84304809570312	170.0428466796875
infected	0.9390706419944763	91.14307403564453	69.6526870727539	115.74317169189453	99.57230377197266
infected	0.8962385058403015	101.78760528564453	125.76029205322266	132.399658203125	159.8072052001953
uninfected	0.8717816472053528	89.41650390625	27.0441837310791	106.71192932128906	48.458885192871094
infected	0.8089914321899414	176.18701171875	18.343931198120117	200.28665161132812	47.50828552246094
uninfected	0.6883430480957031	108.99518585205078	28.317350387573242	130.41229248046875	50.59296798706055
uninfected	0.14970065653324127	80.06558227539062	64.6769790649414	97.9715805053711	86.38836669921875
infected	0.13462935388088226	79.4747085571289	64.7931137084961	98.36060333251953	87.66766357421875
uninfected	0.10452687740325928	176.49903869628906	17.735301971435547	199.88047790527344	46.55220031738281
uninfected	0.06579814106225967	102.56063079833984	124.52676391601562	132.99205017089844	159.74229431152344
