uninfected	0.9992210865020752	154.89015197753906	206.91017150878906	172.2710723876953	230.9544219970703
uninfected	0.9989149570465088	53.11394500732422	91.19075012207031	71.36846160888672	114.39154815673828
uninfected	0.9985079169273376	126.56685638427734	44.356346130371094	145.83067321777344	69.05757904052734
uninfected	0.998488187789917	76.8028564453125	132.1553497314453	93.37870025634766	156.90670776367188
uninfected	0.9984378218650818	74.88929748535156	64.53838348388672	90.63333892822266	85.71714782714844
uninfected	0.998365581035614	60.976097106933594	205.4042205810547	79.1332778930664	229.83448791503906
uninfected	0.9983590245246887	76.56327819824219	4.995180606842041	94.0291976928711	30.392728805541992
uninfected	0.9983564019203186	144.46653747558594	77.89140319824219	160.734619140625	99.82862854003906
uninfected	0.9982203841209412	112.46875	103.3500747680664	129.79171752929688	129.01515197753906
uninfected	0.9979454874992371	183.1873779296875	94.2522964477539	202.5710906982422	118.2789535522461
uninfected	0.9978095889091492	145.4781036376953	15.81424617767334	162.74197387695312	39.5330696105957
uninfected	0.997765302658081	44.89952087402344	182.90304565429688	62.02473449707031	208.43890380859375
uninfected	0.9975888729095459	214.6890411376953	135.79721069335938	233.4242401123047	159.9462432861328
uninfected	0.9972013235092163	22.73537826538086	159.40362548828125	40.956565856933594	184.07485961914062
uninfected	0.9968097805976868	195.86927795410156	146.2275848388672	213.5570526123047	172.5847625732422
uninfected	0.9961627721786499	172.86399841308594	141.87330627441406	190.46986389160156	167.24142456054688
uninfected	0.9961621761322021	106.04098510742188	219.4924774169922	124.45150756835938	244.47637939453125
uninfected	0.9959350824356079	212.2650604248047	17.890058517456055	229.59271240234375	40.98383331298828
uninfected	0.9952310919761658	219.65646362304688	50.61652755737305	235.99575805664062	72.35311126708984
uninfected	0.9928287863731384	206.53250122070312	68.39446258544922	228.16799926757812	89.13333892822266
uninfected	0.9925941824913025	8.294130325317383	174.7282257080078	23.859310150146484	198.0648956298828
uninfected	0.992267906665802	154.1928253173828	140.45877075195312	173.61795043945312	164.7460174560547
uninfected	0.9920319318771362	172.84124755859375	227.81787109375	193.10882568359375	251.54122924804688
uninfected	0.9851064682006836	17.590778350830078	89.64478302001953	38.522457122802734	116.30517578125
uninfected	0.9762393236160278	1.0368566513061523	207.94247436523438	20.59697151184082	231.8656005859375
uninfected	0.9687263369560242	21.7927188873291	138.91127014160156	43.27980422973633	161.84646606445312
uninfected	0.9607071876525879	206.1627655029297	87.50657653808594	225.39268493652344	113.25927734375
uninfected	0.9344978928565979	169.88302612304688	100.6495132446289	187.91888427734375	128.58009338378906
uninfected	0.9155825972557068	174.6302947998047	73.5390625	194.09278869628906	97.05574035644531
uninfected	0.8962600827217102	214.6908416748047	220.32130432128906	233.26856994628906	248.05763244628906
uninfected	0.8099117875099182	160.39047241210938	78.95848846435547	179.31748962402344	102.68621063232422
infected	0.6431996822357178	150.6066436767578	53.24119186401367	171.67037963867188	80.46634674072266
uninfected	0.6002541184425354	160.24197387695312	114.78564453125	178.97669982910156	139.07191467285156
infected	0.4335494041442871	23.12156105041504	46.92979049682617	37.36031723022461	68.17999267578125
uninfected	0.39851054549217224	150.34088134765625	51.45937728881836	171.65997314453125	80.50225830078125
uninfected	0.39080047607421875	23.26896858215332	47.59804153442383	36.82637023925781	67.61309814453125
uninfected	0.12666040658950806	186.5860137939453	65.7058334350586	203.75721740722656	87.03955078125
infected	0.06426161527633667	214.5624237060547	220.64404296875	233.6170196533203	248.32708740234375
