uninfected	0.9992293119430542	67.36676788330078	175.3665771484375	84.8354263305664	200.29403686523438
uninfected	0.9990227222442627	138.55886840820312	56.45273208618164	157.48788452148438	83.476806640625
uninfected	0.9989547729492188	77.56430053710938	2.021413564682007	96.47675323486328	26.44207000732422
uninfected	0.9987491369247437	31.280048370361328	21.309961318969727	49.48183059692383	44.46145248413086
uninfected	0.9987101554870605	102.94029998779297	145.52940368652344	118.84371948242188	171.97708129882812
uninfected	0.9986138343811035	99.11617279052734	87.51078033447266	117.29308319091797	113.33474731445312
uninfected	0.9985349178314209	111.93541717529297	45.96666717529297	130.42764282226562	72.82018280029297
uninfected	0.9983698725700378	62.419315338134766	82.9386215209961	80.86614990234375	106.89643096923828
uninfected	0.998367965221405	65.49942016601562	203.6170196533203	82.11636352539062	227.7616424560547
uninfected	0.9982977509498596	71.24605560302734	130.43397521972656	89.25648498535156	157.87826538085938
uninfected	0.9980587363243103	75.41868591308594	61.3761100769043	96.24858856201172	87.02509307861328
uninfected	0.9979313611984253	85.7623519897461	219.35101318359375	104.43002319335938	245.46827697753906
uninfected	0.9978106617927551	62.27119445800781	142.25645446777344	82.30560302734375	167.66058349609375
uninfected	0.997694194316864	159.395751953125	100.02239990234375	175.5062713623047	123.61239624023438
uninfected	0.9976619482040405	86.1266860961914	21.865617752075195	105.35115814208984	49.462615966796875
uninfected	0.9974265694618225	43.458377838134766	109.44219207763672	61.344364166259766	135.29483032226562
uninfected	0.9971936345100403	52.75870895385742	228.1555633544922	71.16168975830078	252.2884979248047
uninfected	0.9966793060302734	61.22208786010742	3.711909055709839	78.30696868896484	31.798002243041992
uninfected	0.996465802192688	135.13279724121094	131.0131072998047	152.76333618164062	157.8124542236328
uninfected	0.9962618947029114	19.740032196044922	48.01776123046875	39.852203369140625	74.26687622070312
uninfected	0.9958075284957886	32.73896408081055	194.3484344482422	52.06830978393555	220.26898193359375
uninfected	0.9957289099693298	31.17959213256836	119.54931640625	49.67148971557617	149.88714599609375
uninfected	0.995387852191925	87.72785186767578	121.7523422241211	106.68576049804688	150.83114624023438
uninfected	0.9953367114067078	144.580078125	150.8094940185547	163.43948364257812	175.26202392578125
uninfected	0.9947716593742371	1.660701870918274	197.37814331054688	17.626474380493164	225.5403289794922
uninfected	0.9945324659347534	181.17092895507812	76.87498474121094	200.61300659179688	102.21383666992188
uninfected	0.993857204914093	222.3369903564453	45.8317756652832	241.81260681152344	70.62974548339844
uninfected	0.9938430786132812	166.40283203125	8.498170852661133	183.76153564453125	34.43854522705078
uninfected	0.9936617612838745	232.8676300048828	18.797576904296875	250.07606506347656	44.15178298950195
uninfected	0.9934440851211548	114.81491088867188	9.168078422546387	133.7716827392578	33.211448669433594
uninfected	0.9929215312004089	70.23796844482422	37.62179183959961	90.93833923339844	62.613792419433594
uninfected	0.9915356636047363	58.64772415161133	54.693241119384766	75.5645523071289	81.63961029052734
uninfected	0.9905485510826111	190.7255401611328	121.62935638427734	212.51918029785156	148.12547302246094
uninfected	0.9896039962768555	167.147216796875	117.40933227539062	184.57261657714844	144.43423461914062
uninfected	0.9873396158218384	47.34012985229492	204.0734405517578	65.40354919433594	230.39585876464844
uninfected	0.9760141968727112	152.9286651611328	129.77517700195312	173.3003692626953	157.01316833496094
uninfected	0.9750238656997681	212.37648010253906	65.22509002685547	230.74374389648438	89.7508544921875
uninfected	0.9628874659538269	180.47581481933594	99.40375518798828	199.94058227539062	124.92182159423828
infected	0.9399778842926025	201.97569274902344	50.50038146972656	223.07769775390625	79.78759765625
uninfected	0.923685610294342	235.46763610839844	121.86661529541016	254.38938903808594	144.50570678710938
uninfected	0.894740104675293	34.73291015625	218.4130401611328	53.14047622680664	247.0887451171875
infected	0.884576141834259	39.49382781982422	40.55264663696289	62.304744720458984	68.48965454101562
uninfected	0.8288388848304749	13.898508071899414	200.69151306152344	33.54096984863281	227.39561462402344
uninfected	0.7064231634140015	224.75901794433594	77.76943969726562	242.59092712402344	101.66912078857422
infected	0.6312838792800903	36.68653106689453	65.59292602539062	58.55329132080078	97.14429473876953
uninfected	0.5539928674697876	199.1012420654297	83.04865264892578	216.23377990722656	114.01095581054688
uninfected	0.49897095561027527	226.70628356933594	107.25672912597656	244.18585205078125	138.36314392089844
uninfected	0.44844672083854675	205.8873748779297	103.99940490722656	223.61691284179688	134.83102416992188
infected	0.2744961082935333	14.75468635559082	200.58163452148438	33.9273681640625	227.53070068359375
uninfected	0.2584221661090851	216.5531005859375	93.91497802734375	234.83462524414062	124.69339752197266
uninfected	0.16465061902999878	15.277067184448242	223.2786102294922	35.04392623901367	244.9250946044922
uninfected	0.12720021605491638	230.58128356933594	115.87245178222656	250.9295654296875	141.8760986328125
uninfected	0.11130404472351074	45.21966552734375	0.0	62.63779067993164	25.71710968017578
infected	0.10964278131723404	38.00835418701172	49.24317169189453	61.70149612426758	93.4144287109375
