uninfected	0.999104917049408	39.91028594970703	21.198345184326172	59.34322738647461	47.02711486816406
uninfected	0.9990847110748291	118.88877868652344	129.0795440673828	136.9691925048828	154.1407928466797
uninfected	0.9983865022659302	153.20126342773438	118.6253890991211	170.49794006347656	147.31976318359375
uninfected	0.9982050657272339	46.79948806762695	95.97492218017578	66.33779907226562	118.42366790771484
uninfected	0.998100221157074	146.69247436523438	43.653011322021484	165.41336059570312	67.31451416015625
uninfected	0.9980238676071167	128.64242553710938	18.997995376586914	146.90342712402344	40.333229064941406
uninfected	0.9979312419891357	165.33460998535156	183.08453369140625	185.8875732421875	205.11917114257812
uninfected	0.9977783560752869	19.95564079284668	91.4188461303711	38.75857162475586	118.33634185791016
uninfected	0.9977778792381287	132.22808837890625	142.49005126953125	151.77684020996094	166.81272888183594
uninfected	0.9977460503578186	72.92888641357422	35.18301010131836	91.31675720214844	61.17074966430664
uninfected	0.9974977374076843	140.51300048828125	177.27102661132812	159.04063415527344	204.061767578125
uninfected	0.9973794221878052	168.96139526367188	202.04981994628906	188.9763641357422	227.2083282470703
uninfected	0.9973129630088806	54.47208786010742	115.2813949584961	74.45915222167969	140.47857666015625
uninfected	0.9972683191299438	33.40278625488281	109.4623031616211	49.54939651489258	133.60772705078125
uninfected	0.9969518184661865	11.226396560668945	37.58858108520508	33.16824722290039	62.073974609375
uninfected	0.9969052672386169	237.13522338867188	20.626888275146484	255.11949157714844	47.47886657714844
uninfected	0.9953646659851074	190.05783081054688	209.5496826171875	209.63075256347656	232.80538940429688
uninfected	0.9949138164520264	185.0900115966797	101.37434387207031	203.84779357910156	126.82486724853516
uninfected	0.9939694404602051	11.37325382232666	202.1613311767578	30.509069442749023	227.1189422607422
uninfected	0.9938067197799683	227.12403869628906	2.65141224861145	244.01736450195312	26.810688018798828
uninfected	0.9937077760696411	165.92543029785156	2.1422080993652344	184.37831115722656	23.4442138671875
uninfected	0.993606448173523	84.04142761230469	5.502431392669678	103.41294860839844	28.468605041503906
uninfected	0.9928174018859863	199.43142700195312	197.6517791748047	216.36993408203125	221.96360778808594
uninfected	0.9925497770309448	112.63362884521484	16.214277267456055	129.01963806152344	41.50385284423828
uninfected	0.9919448494911194	15.887796401977539	141.98728942871094	36.358089447021484	166.41802978515625
uninfected	0.9915075302124023	36.2942008972168	213.34860229492188	57.45283889770508	238.67254638671875
uninfected	0.9901536107063293	210.49229431152344	173.52882385253906	229.77389526367188	199.87741088867188
uninfected	0.989928662776947	43.68748092651367	70.8180923461914	63.70408248901367	97.3512191772461
uninfected	0.9820008873939514	171.79733276367188	225.43882751464844	195.15074157714844	247.02281188964844
uninfected	0.9736694097518921	152.30728149414062	64.65957641601562	170.33108520507812	91.24034881591797
uninfected	0.9446021914482117	84.87744140625	24.7182559967041	113.38587951660156	41.82693862915039
uninfected	0.9413562417030334	137.1525115966797	75.85710906982422	156.9147186279297	98.64673614501953
uninfected	0.9358497262001038	194.6114959716797	81.1470718383789	221.6282958984375	98.10693359375
uninfected	0.9110201597213745	21.30211639404297	158.00372314453125	48.61399459838867	176.50306701660156
uninfected	0.9093962907791138	175.26779174804688	116.94380950927734	195.27713012695312	136.16758728027344
uninfected	0.895037829875946	118.01141357421875	224.80322265625	136.60818481445312	254.56629943847656
infected	0.8885424733161926	70.08675384521484	82.23043060302734	89.17515563964844	109.7919921875
infected	0.8816879987716675	120.8116455078125	38.53548049926758	142.46139526367188	67.55747985839844
uninfected	0.877633810043335	17.592670440673828	176.27833557128906	44.440185546875	196.27247619628906
infected	0.8416088223457336	72.28777313232422	149.5941162109375	90.82255554199219	174.33868408203125
uninfected	0.7979118824005127	8.875868797302246	177.11264038085938	28.277095794677734	203.56016540527344
infected	0.797547459602356	204.0416717529297	110.18112182617188	234.11062622070312	129.306884765625
uninfected	0.76559978723526	16.73129653930664	229.76280212402344	36.04669189453125	249.94686889648438
infected	0.7129737734794617	183.7973175048828	146.24620056152344	206.35809326171875	172.01255798339844
infected	0.6508756875991821	95.62307739257812	54.58762741088867	116.8668441772461	78.24639129638672
uninfected	0.6448819041252136	45.81549835205078	184.72296142578125	66.66734313964844	213.04367065429688
uninfected	0.6369357109069824	176.26187133789062	141.62539672851562	193.11959838867188	163.02096557617188
uninfected	0.42131730914115906	205.57542419433594	167.53570556640625	223.63612365722656	186.5506134033203
uninfected	0.4121391177177429	240.04461669921875	175.94300842285156	254.6586456298828	200.49832153320312
infected	0.30526983737945557	46.18053436279297	185.6327667236328	66.29678344726562	212.62741088867188
uninfected	0.3013862669467926	183.1258544921875	145.91574096679688	206.0684356689453	171.9676971435547
uninfected	0.2734032869338989	59.967567443847656	5.497003555297852	82.02100372314453	21.687353134155273
uninfected	0.23273976147174835	95.33308410644531	54.13032150268555	117.57896423339844	78.2399673461914
uninfected	0.09298105537891388	72.26446533203125	149.49574279785156	90.93215942382812	174.4057159423828
uninfected	0.0726323127746582	204.3373260498047	234.44204711914062	226.70419311523438	252.87461853027344
uninfected	0.06886439770460129	84.97032928466797	14.221542358398438	110.87085723876953	38.53679275512695
