uninfected	0.9993292093276978	83.85023498535156	114.60484313964844	101.8148422241211	137.2910919189453
uninfected	0.9992369413375854	61.958518981933594	208.50909423828125	79.873779296875	234.4216766357422
uninfected	0.9991757273674011	117.88414764404297	198.32948303222656	137.15463256835938	221.9159393310547
uninfected	0.999139666557312	130.38833618164062	147.680908203125	148.52708435058594	172.1917724609375
uninfected	0.999011754989624	157.34161376953125	184.91946411132812	176.53958129882812	209.15223693847656
uninfected	0.9990001320838928	185.6964874267578	190.7525177001953	203.779296875	212.4886474609375
uninfected	0.9989829659461975	98.30221557617188	127.8187255859375	115.654052734375	153.4548797607422
uninfected	0.9988558292388916	33.759273529052734	179.84622192382812	51.697532653808594	202.86279296875
uninfected	0.9988425970077515	23.0668888092041	65.53640747070312	40.21445846557617	87.64513397216797
uninfected	0.9988184571266174	158.31884765625	111.18247985839844	177.628173828125	136.44732666015625
uninfected	0.9987826943397522	194.05471801757812	36.94585037231445	213.55519104003906	58.27745819091797
uninfected	0.9987698197364807	119.06226348876953	103.46481323242188	138.46397399902344	128.46914672851562
uninfected	0.9986613988876343	79.09375	20.392120361328125	96.96209716796875	43.83179473876953
uninfected	0.9985837936401367	216.5155029296875	102.419677734375	233.8268280029297	124.57070922851562
uninfected	0.9985778331756592	52.81600570678711	103.1467056274414	70.69072723388672	127.19803619384766
uninfected	0.9985357522964478	129.15760803222656	13.397811889648438	148.86837768554688	39.65170669555664
uninfected	0.9984816908836365	225.98370361328125	87.92835998535156	244.24522399902344	110.59700775146484
uninfected	0.9983618855476379	110.66183471679688	12.554789543151855	129.0439453125	37.09064865112305
uninfected	0.998198926448822	9.564397811889648	167.60205078125	27.222604751586914	193.21861267089844
uninfected	0.9981759786605835	205.74362182617188	120.93647003173828	225.239990234375	145.3518829345703
uninfected	0.9980136156082153	228.08132934570312	111.22230529785156	249.25511169433594	133.48851013183594
uninfected	0.998002827167511	23.973583221435547	155.09104919433594	42.37617111206055	178.6005401611328
uninfected	0.9979901313781738	191.89588928222656	138.66552734375	211.20706176757812	164.9763641357422
uninfected	0.9979888200759888	165.7917022705078	212.51487731933594	184.78407287597656	238.31936645507812
uninfected	0.9978693723678589	13.077249526977539	205.4560546875	30.109525680541992	227.18910217285156
uninfected	0.9978668093681335	138.177001953125	167.39866638183594	157.2592315673828	192.5675811767578
uninfected	0.9978542923927307	19.013858795166016	223.7012481689453	38.09063720703125	248.4011688232422
uninfected	0.9977918863296509	31.225826263427734	114.05147552490234	49.24325942993164	136.3697967529297
uninfected	0.9976956248283386	187.82034301757812	3.2933201789855957	207.64108276367188	28.541603088378906
uninfected	0.9976921081542969	51.49686813354492	36.90757369995117	69.20527648925781	60.927490234375
uninfected	0.997684121131897	97.12227630615234	21.976381301879883	116.48329162597656	45.9798583984375
uninfected	0.997478187084198	156.90066528320312	156.80775451660156	177.0778045654297	181.1551055908203
uninfected	0.9965404272079468	199.48724365234375	16.70794105529785	220.68994140625	39.2590446472168
uninfected	0.9942272901535034	82.62601470947266	95.15409088134766	103.30765533447266	116.12635803222656
uninfected	0.9939709901809692	150.010009765625	227.20481872558594	169.76402282714844	251.64614868164062
uninfected	0.9913368225097656	23.25484848022461	131.6920928955078	41.504520416259766	154.77108764648438
uninfected	0.9707528352737427	7.6401047706604	97.6583251953125	24.30016326904297	119.06621551513672
uninfected	0.9572839140892029	39.42942810058594	231.26962280273438	57.1973762512207	255.27130126953125
uninfected	0.9475467801094055	1.0526305437088013	140.46495056152344	16.711027145385742	161.0723419189453
infected	0.842583179473877	223.2513885498047	218.49578857421875	245.82125854492188	245.2083740234375
uninfected	0.5791000127792358	35.343482971191406	37.87831115722656	48.35592269897461	61.778865814208984
infected	0.5530371069908142	108.22354125976562	38.93161392211914	126.94026184082031	62.89898681640625
infected	0.47654178738594055	89.52836608886719	3.536491632461548	109.85676574707031	24.344648361206055
uninfected	0.37491583824157715	108.2044677734375	38.627769470214844	126.89404296875	63.19487762451172
uninfected	0.3585183620452881	88.81912994384766	3.451019763946533	109.73483276367188	23.58562660217285
uninfected	0.2707614302635193	90.74407958984375	215.33241271972656	107.64427185058594	237.14295959472656
uninfected	0.10999618470668793	223.33990478515625	217.40792846679688	246.55157470703125	244.2675323486328
uninfected	0.0594540499150753	238.96839904785156	141.41336059570312	256.0	163.625
