uninfected	0.9997721314430237	149.3251953125	104.82328033447266	167.07557678222656	129.25233459472656
uninfected	0.9995347261428833	220.84217834472656	93.6417007446289	238.3369140625	117.3884506225586
uninfected	0.9995143413543701	210.86427307128906	112.12217712402344	228.81716918945312	136.5255889892578
uninfected	0.9994139671325684	82.76726531982422	119.97461700439453	100.35257720947266	144.89588928222656
uninfected	0.999409556388855	151.985107421875	217.63766479492188	168.85980224609375	239.25146484375
uninfected	0.9993695616722107	178.62591552734375	206.23648071289062	198.21044921875	230.99636840820312
uninfected	0.9993603825569153	189.6964569091797	15.473835945129395	207.2847442626953	39.50505447387695
uninfected	0.9993500113487244	86.43809509277344	21.89840316772461	103.10174560546875	45.49198532104492
uninfected	0.999345600605011	104.91885375976562	184.4254913330078	123.3844985961914	208.39935302734375
uninfected	0.9992927312850952	143.6448974609375	186.68563842773438	161.82666015625	210.16329956054688
uninfected	0.9992724061012268	150.1676788330078	162.6197509765625	166.89755249023438	184.64022827148438
uninfected	0.9992426633834839	4.39400053024292	19.467971801757812	23.45427703857422	40.35329818725586
uninfected	0.9992247819900513	160.99951171875	196.52593994140625	177.6536865234375	220.6854248046875
uninfected	0.9992207288742065	69.03433990478516	103.97398376464844	85.7674789428711	129.2655487060547
uninfected	0.9992133378982544	71.94242858886719	217.28140258789062	88.59211730957031	239.8076934814453
uninfected	0.9990848302841187	53.472312927246094	166.23953247070312	70.89311981201172	192.24261474609375
uninfected	0.9989989399909973	201.82557678222656	40.73030090332031	218.08914184570312	65.32369232177734
uninfected	0.9989385008811951	133.39500427246094	110.1183853149414	149.36964416503906	137.1942596435547
uninfected	0.9988947510719299	111.86185455322266	49.87172317504883	130.71234130859375	72.99079132080078
uninfected	0.9988332390785217	176.92518615722656	185.8157196044922	196.31195068359375	207.61279296875
uninfected	0.9987723231315613	190.9659881591797	96.38935089111328	210.2512664794922	121.0087890625
uninfected	0.998751163482666	57.367889404296875	73.11847686767578	76.50704956054688	99.1590805053711
uninfected	0.9987163543701172	26.886859893798828	15.075448989868164	42.67622375488281	38.96915817260742
uninfected	0.9985938668251038	84.69036102294922	162.09674072265625	104.10494995117188	187.89122009277344
uninfected	0.9985877275466919	167.72108459472656	21.569616317749023	186.69593811035156	48.593387603759766
uninfected	0.9984005093574524	158.31089782714844	122.27082824707031	177.32972717285156	147.70155334472656
uninfected	0.9983730316162109	68.1282730102539	11.685578346252441	87.34382629394531	36.93600845336914
uninfected	0.997936487197876	49.342132568359375	203.53993225097656	66.82992553710938	230.08270263671875
uninfected	0.997387707233429	65.60464477539062	142.23233032226562	87.1177749633789	165.3152313232422
uninfected	0.9971580505371094	27.17690658569336	37.45046615600586	47.09266662597656	62.33555603027344
uninfected	0.9971038699150085	115.67609405517578	15.286226272583008	135.1311492919922	39.87643051147461
uninfected	0.9960198998451233	98.06082153320312	96.09034729003906	118.87398529052734	123.45976257324219
uninfected	0.9959381818771362	45.14704132080078	27.916839599609375	65.4780044555664	52.24582290649414
uninfected	0.9951602816581726	185.84817504882812	42.74302291870117	203.79556274414062	70.90473937988281
uninfected	0.9949659705162048	213.4674530029297	17.901945114135742	233.08726501464844	43.75385665893555
uninfected	0.9949212670326233	82.051513671875	83.26228332519531	101.66539764404297	113.81961059570312
uninfected	0.9924678206443787	6.249594688415527	91.5640640258789	26.014022827148438	118.22267150878906
uninfected	0.9913076758384705	48.43653106689453	127.82462310791016	66.874755859375	158.271484375
uninfected	0.9902985692024231	35.60938262939453	192.00559997558594	51.92448043823242	222.02145385742188
uninfected	0.9885784387588501	21.7176513671875	177.7896270751953	42.48210906982422	202.77450561523438
uninfected	0.9869330525398254	1.264947533607483	116.48795318603516	24.083436965942383	137.64364624023438
uninfected	0.9841415286064148	181.0836944580078	120.21185302734375	202.0003204345703	143.4860076904297
uninfected	0.9808158278465271	14.07399845123291	53.964725494384766	31.83797264099121	74.23634338378906
uninfected	0.9777873754501343	8.971098899841309	226.57171630859375	29.52715492248535	248.23214721679688
uninfected	0.9753026962280273	142.27066040039062	23.639589309692383	158.22314453125	59.32448959350586
uninfected	0.9747166037559509	11.760862350463867	71.1014404296875	33.99433135986328	90.7589111328125
uninfected	0.9679273366928101	11.556381225585938	205.62767028808594	30.523162841796875	230.74696350097656
uninfected	0.954678475856781	34.3529052734375	89.65753936767578	54.87430953979492	116.0732192993164
uninfected	0.9529200792312622	37.93836975097656	216.71304321289062	52.15855026245117	244.79031372070312
uninfected	0.9354830980300903	11.077401161193848	165.10511779785156	29.506122589111328	189.63710021972656
infected	0.7265787124633789	40.01853561401367	6.29753303527832	60.33280944824219	34.94184112548828
uninfected	0.5470911264419556	40.01779556274414	6.015525817871094	60.247825622558594	35.259124755859375
uninfected	0.28308960795402527	0.08646178990602493	151.61422729492188	20.072023391723633	176.8362274169922
