uninfected	0.9996935129165649	226.25747680664062	44.27482986450195	242.956298828125	66.6402359008789
uninfected	0.9996261596679688	212.4148712158203	57.78813171386719	228.925537109375	81.23745727539062
uninfected	0.9995997548103333	199.1605682373047	40.10588836669922	215.06497192382812	61.37686538696289
uninfected	0.9995575547218323	233.33482360839844	157.13198852539062	251.00411987304688	180.5146484375
uninfected	0.9993706345558167	56.275325775146484	204.84371948242188	71.91027069091797	227.4163818359375
uninfected	0.9992772936820984	153.30543518066406	45.54197311401367	169.59800720214844	70.17633819580078
uninfected	0.9991912245750427	36.03430938720703	62.6530647277832	52.60397720336914	83.6156234741211
uninfected	0.9990488886833191	60.94822692871094	181.274169921875	74.5832748413086	202.249755859375
uninfected	0.9989452958106995	33.95632553100586	187.57452392578125	50.203163146972656	209.91151428222656
uninfected	0.9988858103752136	89.3702621459961	6.435627460479736	106.20790100097656	30.444860458374023
uninfected	0.9988641738891602	100.13118743896484	22.287494659423828	118.83607482910156	45.793704986572266
uninfected	0.9988256096839905	38.29107666015625	103.30596160888672	53.01331329345703	123.69280242919922
uninfected	0.9988235831260681	91.35325622558594	54.5858154296875	107.95368957519531	79.90141296386719
uninfected	0.9986006617546082	126.40421295166016	208.8123779296875	142.9110565185547	230.61593627929688
uninfected	0.9972004890441895	201.897216796875	221.7548828125	215.47882080078125	244.9754638671875
uninfected	0.9971088767051697	117.88846588134766	7.201740741729736	136.92124938964844	34.097511291503906
uninfected	0.9958677291870117	11.19737720489502	214.37301635742188	29.14630126953125	238.30575561523438
uninfected	0.9819144606590271	220.66197204589844	126.27552795410156	242.71493530273438	144.79891967773438
uninfected	0.9810082912445068	70.89942169189453	0.5021935701370239	89.0277099609375	23.970449447631836
uninfected	0.9740092754364014	53.31620407104492	161.41241455078125	66.7635498046875	184.6404571533203
uninfected	0.94842129945755	43.52481460571289	169.85678100585938	57.45878601074219	186.33377075195312
uninfected	0.77127605676651	216.12863159179688	13.228464126586914	229.9774627685547	31.63088035583496
