uninfected	0.9992237091064453	209.26568603515625	117.70406341552734	229.33274841308594	143.85107421875
uninfected	0.9988303780555725	36.72158432006836	218.97860717773438	56.074363708496094	241.2190399169922
uninfected	0.9986854195594788	57.32053756713867	210.1420440673828	76.78324127197266	235.26712036132812
uninfected	0.9986075758934021	172.4005584716797	139.16497802734375	190.84927368164062	165.54165649414062
uninfected	0.9984360337257385	198.1317901611328	202.7370147705078	216.56768798828125	225.89459228515625
uninfected	0.9983065128326416	161.9666748046875	100.65798950195312	181.226318359375	125.89747619628906
uninfected	0.9981393814086914	76.24805450439453	51.3224983215332	92.93981170654297	74.1248779296875
uninfected	0.9980791807174683	165.17027282714844	222.8755645751953	184.11538696289062	248.78099060058594
uninfected	0.9980080723762512	93.2977523803711	38.425506591796875	111.66261291503906	62.50938415527344
uninfected	0.9977884292602539	38.634765625	76.92760467529297	58.04721450805664	100.88980865478516
uninfected	0.9977643489837646	210.98585510253906	192.24546813964844	231.71417236328125	214.97608947753906
uninfected	0.997603714466095	24.05430030822754	191.71661376953125	45.25310134887695	217.51821899414062
uninfected	0.9969161748886108	187.04061889648438	156.6627960205078	207.8836212158203	183.27255249023438
uninfected	0.9968795776367188	36.35251998901367	133.20169067382812	56.19379806518555	156.2650909423828
uninfected	0.995859682559967	4.524919509887695	194.75022888183594	21.309595108032227	218.7041778564453
uninfected	0.9922963976860046	193.44015502929688	70.666748046875	212.62741088867188	93.02330780029297
uninfected	0.9915714263916016	131.62437438964844	7.340138912200928	150.7744140625	27.670310974121094
uninfected	0.991041362285614	58.42647933959961	52.78718566894531	77.38612365722656	80.08873748779297
uninfected	0.990720272064209	93.46543884277344	158.43209838867188	112.68022155761719	184.471435546875
uninfected	0.9884535670280457	194.11480712890625	130.9474334716797	216.47293090820312	153.9823760986328
uninfected	0.983519971370697	15.491255760192871	44.21180725097656	35.43751907348633	70.6845474243164
uninfected	0.9771604537963867	25.12700653076172	91.03266143798828	46.81448745727539	115.47889709472656
uninfected	0.9409018158912659	220.33819580078125	14.344884872436523	240.80389404296875	39.149436950683594
uninfected	0.7964863181114197	221.330322265625	210.5191192626953	241.64129638671875	238.27142333984375
uninfected	0.6844735741615295	64.28231811523438	107.58409881591797	84.66278076171875	134.81643676757812
uninfected	0.4843503534793854	151.48104858398438	21.99944305419922	167.30206298828125	41.00236129760742
infected	0.3907717168331146	64.51533508300781	108.27915954589844	84.27503967285156	135.31361389160156
infected	0.13777044415473938	221.00979614257812	211.47085571289062	241.59886169433594	238.20550537109375
