uninfected	0.9996843338012695	185.20220947265625	87.61900329589844	201.69677734375	109.912109375
uninfected	0.999569833278656	112.05128479003906	15.408029556274414	127.55437469482422	35.99650955200195
uninfected	0.9995620846748352	31.091352462768555	229.99530029296875	47.0129280090332	250.7793731689453
uninfected	0.9995549321174622	62.2313117980957	163.64076232910156	78.22966003417969	185.87193298339844
uninfected	0.9995392560958862	211.34576416015625	120.31429290771484	226.82586669921875	143.03781127929688
uninfected	0.9993497729301453	45.40834045410156	153.484375	62.14293670654297	176.00636291503906
uninfected	0.9992285966873169	232.81442260742188	120.52537536621094	248.73744201660156	142.45567321777344
uninfected	0.9991937279701233	213.2810516357422	36.471981048583984	229.32640075683594	57.34905242919922
uninfected	0.9990612864494324	220.74407958984375	78.71954345703125	235.00502014160156	100.27903747558594
uninfected	0.9990424513816833	206.8386688232422	96.30731964111328	224.4078826904297	118.58820343017578
uninfected	0.9990183115005493	60.55795669555664	114.11028289794922	78.14292907714844	137.24942016601562
uninfected	0.9987119436264038	226.60418701171875	148.91680908203125	242.40869140625	169.20904541015625
uninfected	0.9978566765785217	29.989051818847656	181.455078125	48.15901565551758	203.65625
uninfected	0.9970819354057312	137.33920288085938	65.5972671508789	155.58265686035156	89.39177703857422
uninfected	0.9965463280677795	225.67156982421875	102.982177734375	240.30935668945312	124.47311401367188
uninfected	0.9962932467460632	48.29349899291992	53.158203125	63.22946548461914	75.70674896240234
uninfected	0.9962872266769409	16.03707504272461	144.6516876220703	31.93962860107422	163.66648864746094
uninfected	0.995543897151947	197.3051300048828	98.32070922851562	212.7483367919922	117.95508575439453
uninfected	0.9952932000160217	96.98780822753906	150.5815887451172	111.06037139892578	168.77001953125
uninfected	0.9943259358406067	237.78314208984375	164.4347686767578	252.7826690673828	184.70765686035156
uninfected	0.993729829788208	96.62277221679688	50.27214813232422	111.24181365966797	66.87036895751953
uninfected	0.9936769604682922	38.84434127807617	193.0764923095703	51.64643096923828	214.64630126953125
uninfected	0.9935609102249146	67.53865051269531	113.84215545654297	83.87030029296875	136.99786376953125
uninfected	0.9933049082756042	95.78716278076172	6.63795280456543	111.75462341308594	31.38321304321289
uninfected	0.9923766851425171	232.77566528320312	227.8397674560547	250.6815643310547	249.1158905029297
uninfected	0.9904810786247253	97.58356475830078	28.529203414916992	114.53824615478516	49.92146301269531
uninfected	0.9844574332237244	118.30294799804688	173.28546142578125	132.2449188232422	191.32875061035156
uninfected	0.9648052453994751	63.37824630737305	49.74446105957031	81.52345275878906	74.82823944091797
uninfected	0.9506974220275879	9.831244468688965	157.60850524902344	26.684736251831055	178.9933624267578
uninfected	0.9502905607223511	35.328857421875	58.37761688232422	51.8901252746582	84.65552520751953
uninfected	0.9486227035522461	20.94042205810547	108.00017547607422	35.236671447753906	127.22581481933594
uninfected	0.9467025399208069	17.415029525756836	18.121524810791016	34.30503845214844	46.62697219848633
uninfected	0.9412530064582825	52.97651672363281	13.579654693603516	72.66705322265625	39.14573287963867
uninfected	0.9392045736312866	31.965911865234375	21.615751266479492	54.207542419433594	46.44203567504883
uninfected	0.9317705035209656	8.642430305480957	68.43639373779297	23.659618377685547	88.51403045654297
uninfected	0.9288078546524048	104.47383880615234	136.6375732421875	117.23338317871094	152.31906127929688
infected	0.9218053817749023	76.1502456665039	15.864805221557617	95.82324981689453	43.62635040283203
uninfected	0.9034873247146606	143.41058349609375	75.09036254882812	158.04049682617188	93.99102020263672
uninfected	0.89009028673172	47.571292877197266	34.974212646484375	76.96483612060547	55.65475845336914
uninfected	0.8670517802238464	68.39031982421875	7.238135814666748	83.67523193359375	29.998632431030273
uninfected	0.8603023886680603	74.62507629394531	189.35006713867188	87.68507385253906	204.54745483398438
uninfected	0.8410052061080933	31.701087951660156	43.62307357788086	47.56692886352539	61.14431381225586
uninfected	0.8319529294967651	0.22183836996555328	72.9027099609375	15.801980018615723	105.5814208984375
uninfected	0.8116138577461243	25.227575302124023	165.78343200683594	41.52601623535156	185.05398559570312
uninfected	0.8110998272895813	20.94072914123535	64.06195831298828	41.484580993652344	84.71275329589844
uninfected	0.7795678377151489	32.4945068359375	0.6382824778556824	55.135257720947266	22.48140525817871
uninfected	0.7199490070343018	91.92532348632812	0.6478247046470642	107.730712890625	28.239103317260742
uninfected	0.6435913443565369	20.574230194091797	162.98593139648438	38.4365119934082	182.20538330078125
uninfected	0.6218683123588562	77.64913940429688	174.922607421875	90.13560485839844	190.16128540039062
uninfected	0.43060940504074097	19.897794723510742	90.95433044433594	37.340904235839844	109.19546508789062
uninfected	0.4084610044956207	6.171467304229736	94.59288024902344	21.20638656616211	135.26449584960938
uninfected	0.34731239080429077	22.00875473022461	80.20185089111328	45.67491149902344	102.68138122558594
uninfected	0.26507991552352905	143.64537048339844	89.55342864990234	165.86122131347656	106.0225830078125
uninfected	0.08118464797735214	50.15293502807617	239.91278076171875	60.04154586791992	254.60623168945312
