uninfected	0.9987597465515137	194.8094940185547	121.49816131591797	212.2704315185547	144.75201416015625
uninfected	0.9982540011405945	46.25962829589844	110.15452575683594	66.4031982421875	136.01885986328125
uninfected	0.9979022741317749	42.33185958862305	76.83295440673828	60.5794563293457	102.7183837890625
uninfected	0.9976115226745605	235.5961456298828	186.96017456054688	254.009033203125	209.17391967773438
uninfected	0.9975622892379761	202.38143920898438	97.68754577636719	222.4492950439453	122.0006332397461
uninfected	0.9975499510765076	194.92835998535156	77.67314147949219	212.6472930908203	104.15335845947266
uninfected	0.9973899722099304	23.089365005493164	106.87909698486328	40.92955780029297	130.53079223632812
uninfected	0.9972763657569885	162.75921630859375	163.22079467773438	181.97659301757812	188.60427856445312
uninfected	0.9971555471420288	151.2445526123047	152.34999084472656	168.96755981445312	179.52261352539062
uninfected	0.997090220451355	174.08139038085938	127.5245590209961	192.80239868164062	154.33914184570312
uninfected	0.9970876574516296	54.75424575805664	64.4140396118164	73.06002044677734	88.8595199584961
uninfected	0.9969467520713806	7.826850891113281	80.31692504882812	26.495824813842773	103.77322387695312
uninfected	0.9969007968902588	92.78314971923828	49.77358627319336	112.091552734375	74.03792572021484
uninfected	0.9968070983886719	235.2974090576172	88.8306655883789	251.2925262451172	110.49372863769531
uninfected	0.996755063533783	62.56193542480469	153.5839385986328	80.71269989013672	176.81723022460938
uninfected	0.9963791966438293	111.84058380126953	42.51668930053711	132.2756805419922	68.94580841064453
uninfected	0.9961406588554382	84.81396484375	151.40830993652344	104.7044906616211	177.78843688964844
uninfected	0.9960231781005859	182.57652282714844	165.831787109375	201.11463928222656	192.7938690185547
uninfected	0.99601811170578	132.5103302001953	138.120361328125	152.18540954589844	162.4667205810547
uninfected	0.9956257343292236	218.3050994873047	175.8285369873047	233.95912170410156	205.63587951660156
uninfected	0.995375394821167	164.071044921875	183.72044372558594	185.5975799560547	206.4202117919922
uninfected	0.9952573180198669	119.20268249511719	172.92103576660156	137.40399169921875	199.59356689453125
uninfected	0.9948440790176392	237.28334045410156	134.92469787597656	254.2765350341797	161.1809844970703
uninfected	0.9937875270843506	131.66273498535156	110.91162109375	150.66226196289062	138.0808563232422
uninfected	0.9929220676422119	22.206207275390625	80.78301239013672	41.296913146972656	105.56717681884766
uninfected	0.9925846457481384	100.34098052978516	83.01982879638672	121.32307434082031	108.33454132080078
uninfected	0.9915674328804016	99.73921966552734	30.30813217163086	118.67378997802734	55.54134750366211
uninfected	0.9915062785148621	5.377099514007568	225.18853759765625	26.16923713684082	249.30970764160156
uninfected	0.9913513660430908	98.24224090576172	216.1287384033203	116.16220092773438	244.88890075683594
uninfected	0.9906518459320068	58.41872787475586	83.91007995605469	79.88895416259766	109.22528839111328
uninfected	0.99037766456604	86.85025024414062	199.56634521484375	108.28733825683594	225.24560546875
uninfected	0.9898896217346191	185.2948455810547	225.19786071777344	204.38877868652344	252.8741912841797
uninfected	0.9896963834762573	200.3589630126953	20.799596786499023	220.27931213378906	47.93873977661133
uninfected	0.9895983934402466	113.122314453125	205.83343505859375	131.56591796875	234.41546630859375
uninfected	0.9861056804656982	221.30401611328125	129.23895263671875	241.46397399902344	155.28546142578125
uninfected	0.9786577820777893	37.91427230834961	97.42060089111328	56.88359832763672	121.68702697753906
uninfected	0.9779047966003418	30.149471282958984	149.89859008789062	50.476898193359375	177.1531982421875
uninfected	0.9766033887863159	206.66761779785156	45.29265213012695	227.572265625	72.39524841308594
uninfected	0.9762969613075256	69.78627014160156	221.1278533935547	87.61705017089844	247.943115234375
uninfected	0.9680250883102417	139.61329650878906	12.684895515441895	160.1785125732422	36.39922332763672
uninfected	0.9654384851455688	67.8117446899414	177.9219512939453	90.5849609375	200.02597045898438
uninfected	0.9590886235237122	2.6375083923339844	124.10991668701172	22.69532585144043	150.5946044921875
uninfected	0.9476542472839355	9.929787635803223	185.4320068359375	29.32172203063965	208.28797912597656
uninfected	0.9300516247749329	139.6259002685547	226.73922729492188	158.37875366210938	254.35899353027344
uninfected	0.9125365614891052	59.729427337646484	8.792163848876953	76.95738220214844	34.51227569580078
uninfected	0.8697617053985596	125.65459442138672	192.625732421875	146.16368103027344	215.1307830810547
uninfected	0.845440685749054	129.44593811035156	209.9363555908203	148.39068603515625	239.41116333007812
uninfected	0.8447988033294678	108.59281921386719	4.472480297088623	125.95658874511719	31.681293487548828
infected	0.8148629069328308	1.1632171869277954	148.47805786132812	21.356884002685547	176.4298858642578
infected	0.7477194666862488	232.77459716796875	109.3829574584961	252.09487915039062	136.7636260986328
uninfected	0.7162714004516602	17.266645431518555	140.19784545898438	36.2053108215332	166.22329711914062
uninfected	0.6648195385932922	37.027706146240234	20.381450653076172	55.95525360107422	50.02096939086914
uninfected	0.658764660358429	8.236349105834961	17.74640464782715	25.312641143798828	44.14162826538086
uninfected	0.6082596182823181	226.72222900390625	11.150090217590332	243.15089416503906	38.98218536376953
uninfected	0.6034501194953918	18.41248893737793	124.9828872680664	39.43239974975586	145.05276489257812
uninfected	0.5852881073951721	1.2170727252960205	171.13206481933594	25.17380714416504	192.73928833007812
uninfected	0.5017080903053284	218.880615234375	151.0286102294922	238.01988220214844	175.89047241210938
uninfected	0.4970724284648895	217.31011962890625	31.305044174194336	236.81195068359375	60.9140739440918
uninfected	0.46706852316856384	47.563045501708984	2.2450647354125977	64.55518341064453	37.73464584350586
infected	0.3951782286167145	219.0076141357422	151.28392028808594	238.16664123535156	175.8988494873047
uninfected	0.34107720851898193	22.21994400024414	167.6422882080078	40.92331314086914	192.12364196777344
uninfected	0.33565086126327515	141.20220947265625	205.5186309814453	162.4699249267578	230.62132263183594
uninfected	0.29309573769569397	19.28689193725586	16.519306182861328	42.45123291015625	54.65004348754883
uninfected	0.2578265070915222	231.93907165527344	108.79769134521484	252.83567810058594	137.16921997070312
uninfected	0.1444939821958542	1.3236346244812012	148.4921875	21.27032470703125	176.0829315185547
uninfected	0.13585245609283447	133.80227661132812	206.9343719482422	156.46400451660156	234.96424865722656
uninfected	0.1185002401471138	17.767332077026367	130.93846130371094	38.65240478515625	155.31504821777344
uninfected	0.09084755927324295	10.657586097717285	17.723426818847656	34.76081466674805	50.90602493286133
uninfected	0.07278696447610855	236.0375213623047	36.84796905517578	255.0753631591797	64.4959716796875
