uninfected	0.9990063309669495	220.81845092773438	53.925594329833984	239.35809326171875	76.99784088134766
uninfected	0.9989816546440125	205.79405212402344	122.65021514892578	223.4599151611328	144.74200439453125
uninfected	0.9973158240318298	161.1811065673828	35.03965377807617	180.56837463378906	57.77305221557617
uninfected	0.9951574206352234	43.33203125	121.10802459716797	60.9843635559082	143.6435546875
uninfected	0.9947985410690308	144.27146911621094	87.58981323242188	162.91195678710938	110.77281951904297
uninfected	0.9936802387237549	62.763816833496094	170.6995849609375	82.38262176513672	196.05545043945312
uninfected	0.9935851693153381	229.7014617919922	12.424150466918945	250.32040405273438	36.644981384277344
uninfected	0.992463231086731	162.07069396972656	67.13094329833984	179.13525390625	90.57489776611328
uninfected	0.9924076199531555	95.95023345947266	187.6392364501953	113.23880767822266	211.8235321044922
uninfected	0.9918712377548218	110.64915466308594	47.64052963256836	129.53173828125	73.9821548461914
uninfected	0.9897596836090088	28.888593673706055	40.06501388549805	47.35456085205078	64.81510925292969
uninfected	0.9891787767410278	31.11405372619629	132.32546997070312	50.546932220458984	156.7754669189453
uninfected	0.9805295467376709	37.03052520751953	86.35121154785156	57.23093795776367	111.70413970947266
uninfected	0.9801751971244812	39.640892028808594	59.038387298583984	57.83705139160156	80.86482238769531
uninfected	0.9766536355018616	51.34397888183594	98.83137512207031	70.45758819580078	123.41207885742188
uninfected	0.9676080346107483	109.48350524902344	154.7523651123047	127.60537719726562	181.57763671875
uninfected	0.9631763100624084	64.63941955566406	115.94422912597656	85.42632293701172	144.80918884277344
uninfected	0.9623796343803406	141.2143096923828	67.43291473388672	162.6398468017578	90.15420532226562
uninfected	0.9623222351074219	154.42391967773438	166.6682586669922	172.17886352539062	192.1468048095703
uninfected	0.9604028463363647	218.9769744873047	143.6162109375	240.94845581054688	163.40130615234375
uninfected	0.9582206010818481	12.99245834350586	13.222272872924805	31.763126373291016	38.40638732910156
uninfected	0.9531313180923462	79.32298278808594	99.19361877441406	96.31476593017578	126.45240783691406
uninfected	0.9362513422966003	157.8319091796875	1.8068883419036865	176.14828491210938	30.21951675415039
uninfected	0.8957033753395081	233.31871032714844	198.04205322265625	252.59593200683594	221.77993774414062
uninfected	0.8884717226028442	209.8675079345703	202.30784606933594	227.03802490234375	224.87733459472656
uninfected	0.867815375328064	203.49673461914062	187.16140747070312	224.82418823242188	205.7576141357422
uninfected	0.7783173322677612	164.31419372558594	119.45488739013672	182.07693481445312	143.2166290283203
uninfected	0.7777409553527832	53.86530303955078	152.12088012695312	72.37281036376953	174.8959503173828
uninfected	0.7604917883872986	220.34500122070312	210.56546020507812	239.01136779785156	233.5175018310547
uninfected	0.7489261627197266	9.942889213562012	45.72496795654297	27.357534408569336	71.06107330322266
uninfected	0.6968050003051758	176.5172882080078	0.6502148509025574	197.83883666992188	25.58724594116211
uninfected	0.6848734021186829	66.93872833251953	6.527132511138916	86.05065155029297	30.99860191345215
uninfected	0.6758212447166443	156.1049041748047	100.11200714111328	172.46142578125	129.2071075439453
uninfected	0.35339516401290894	7.730988025665283	82.36015319824219	26.43558120727539	101.9432601928711
uninfected	0.25779804587364197	230.01673889160156	84.33372497558594	244.13841247558594	107.53250122070312
uninfected	0.14219830930233002	0.5866790413856506	101.53900146484375	17.894670486450195	126.31480407714844
infected	0.06470448523759842	209.48841857910156	203.6041717529297	226.94012451171875	225.67987060546875
uninfected	0.05328362062573433	198.8785858154297	174.0841827392578	220.28152465820312	190.6170654296875
infected	0.05063338205218315	176.83132934570312	1.563592553138733	198.49940490722656	25.56776237487793
