uninfected	0.9997383952140808	33.60919189453125	191.69566345214844	51.395668029785156	211.05859375
uninfected	0.9997320771217346	63.4448127746582	176.4326171875	80.42096710205078	199.45285034179688
uninfected	0.9997096657752991	223.1511993408203	55.79543685913086	239.3467559814453	78.8353271484375
uninfected	0.9997056126594543	230.57102966308594	148.57888793945312	248.80165100097656	173.01048278808594
uninfected	0.9996565580368042	15.324811935424805	86.77997589111328	34.126041412353516	111.06548309326172
uninfected	0.9996310472488403	203.11952209472656	119.40032958984375	218.0759735107422	140.20816040039062
uninfected	0.9996170997619629	94.302978515625	12.343953132629395	111.49732971191406	37.076717376708984
uninfected	0.999541163444519	73.31177520751953	66.53936004638672	92.76487731933594	86.0601577758789
uninfected	0.99950110912323	122.69618225097656	11.586936950683594	139.59803771972656	36.18655776977539
uninfected	0.999485969543457	154.64976501464844	125.23690032958984	171.8317108154297	144.77232360839844
uninfected	0.9994755387306213	207.6844024658203	156.479736328125	223.7274932861328	177.69876098632812
uninfected	0.9994018077850342	42.999061584472656	105.1222152709961	62.26304626464844	130.07395935058594
uninfected	0.9994016885757446	201.93771362304688	35.58749771118164	220.5558319091797	60.79814147949219
uninfected	0.9992890357971191	114.44367218017578	111.67137145996094	132.4341583251953	135.76258850097656
uninfected	0.9992411136627197	23.26888084411621	156.37388610839844	39.69139862060547	176.62388610839844
uninfected	0.9991425275802612	28.59682846069336	39.60446548461914	46.541751861572266	65.03726196289062
uninfected	0.9991037249565125	203.27284240722656	215.01626586914062	218.79617309570312	237.06442260742188
uninfected	0.9990377426147461	238.15708923339844	87.08321380615234	253.45095825195312	108.54739379882812
uninfected	0.9988967180252075	9.000160217285156	159.12547302246094	22.496967315673828	181.81214904785156
uninfected	0.9987912774085999	68.73526000976562	32.0688362121582	87.37974548339844	50.44045639038086
uninfected	0.9983327984809875	64.46134185791016	198.86456298828125	79.97412109375	221.3612518310547
uninfected	0.997549831867218	91.9647216796875	101.39679718017578	105.67626953125	119.86134338378906
uninfected	0.9969731569290161	85.17086029052734	149.4591827392578	99.05403900146484	172.15023803710938
uninfected	0.9968608617782593	12.584330558776855	5.187736511230469	32.146888732910156	35.52947235107422
uninfected	0.9954076409339905	226.60311889648438	209.88954162597656	241.8389434814453	227.28111267089844
uninfected	0.9940979480743408	28.55562973022461	0.6958166360855103	47.6618537902832	28.365619659423828
uninfected	0.9930779337882996	48.16934585571289	157.7279052734375	68.12262725830078	174.111572265625
uninfected	0.9920750856399536	82.48135375976562	120.91361999511719	99.60428619384766	139.1985626220703
uninfected	0.9916574358940125	11.689066886901855	232.80810546875	26.830989837646484	252.43020629882812
uninfected	0.9664570093154907	239.0414276123047	57.0312385559082	255.81829833984375	79.72835540771484
uninfected	0.9518964886665344	63.20825958251953	217.27346801757812	76.07939147949219	234.74574279785156
uninfected	0.9441376328468323	165.33016967773438	25.523712158203125	186.12130737304688	44.80464553833008
uninfected	0.8934566974639893	169.0120849609375	70.0036392211914	185.23220825195312	86.4718246459961
uninfected	0.8607876300811768	46.51483154296875	142.92721557617188	58.41780090332031	159.0292510986328
infected	0.8584584593772888	48.4583625793457	7.056413650512695	68.99158477783203	32.95048141479492
infected	0.8582839369773865	93.66322326660156	129.45751953125	112.08179473876953	157.28460693359375
uninfected	0.7007861733436584	53.722957611083984	130.79164123535156	69.95962524414062	145.69590759277344
infected	0.43969130516052246	165.17759704589844	185.2892608642578	183.83966064453125	213.32717895507812
