uninfected	0.9983043670654297	170.67977905273438	162.09603881835938	187.98899841308594	187.16017150878906
uninfected	0.9976903200149536	180.36782836914062	107.84295654296875	196.91021728515625	133.8007049560547
uninfected	0.9976129531860352	176.9989776611328	84.0326919555664	194.52554321289062	107.71855163574219
uninfected	0.9965929388999939	144.10276794433594	121.60447692871094	162.68179321289062	146.6595001220703
uninfected	0.9960567951202393	193.77804565429688	114.54264068603516	210.6611328125	138.42001342773438
uninfected	0.9959218502044678	185.71194458007812	33.3185920715332	204.8738250732422	58.07170867919922
uninfected	0.9958310723304749	180.2791290283203	183.18988037109375	197.32749938964844	204.6942138671875
uninfected	0.9949705004692078	225.5538787841797	87.491455078125	241.50079345703125	115.93153381347656
uninfected	0.9939163327217102	146.73959350585938	167.70654296875	166.74819946289062	195.8600616455078
uninfected	0.9937952756881714	157.4735107421875	195.47476196289062	177.62620544433594	220.96609497070312
uninfected	0.9937441945075989	196.79550170898438	52.58549499511719	212.996826171875	76.64156341552734
uninfected	0.9932608008384705	178.47732543945312	136.4944610595703	198.4145050048828	165.82606506347656
uninfected	0.993111252784729	210.07614135742188	78.39746856689453	228.4671630859375	101.43375396728516
uninfected	0.9868946075439453	73.41014099121094	118.4278793334961	90.35989379882812	145.5047149658203
uninfected	0.9865886569023132	152.3480682373047	218.45252990722656	171.8853302001953	244.5906219482422
uninfected	0.9856855869293213	140.5196075439453	151.27760314941406	156.11029052734375	180.8690185546875
uninfected	0.9798864722251892	105.2249984741211	128.94845581054688	123.61080169677734	153.4174346923828
uninfected	0.9755769968032837	211.11599731445312	57.644287109375	229.36114501953125	80.14920806884766
uninfected	0.9744492769241333	209.8084259033203	101.03541564941406	227.50979614257812	126.9873275756836
uninfected	0.9740020036697388	186.2613067626953	8.347443580627441	207.47805786132812	34.23042297363281
uninfected	0.9629820585250854	135.48876953125	194.72157287597656	153.32855224609375	218.65333557128906
uninfected	0.959394097328186	11.97079086303711	200.64898681640625	38.30081558227539	225.01242065429688
uninfected	0.9213913083076477	129.43704223632812	224.035400390625	145.07322692871094	250.5959930419922
uninfected	0.9137762188911438	221.44683837890625	20.818971633911133	241.3433074951172	44.32952117919922
uninfected	0.9013440608978271	16.59028434753418	160.93618774414062	35.712677001953125	185.5747833251953
uninfected	0.8950858116149902	124.41720581054688	147.36949157714844	141.30967712402344	181.36843872070312
uninfected	0.8823195099830627	1.3028417825698853	207.54666137695312	19.358348846435547	233.53274536132812
uninfected	0.8669559955596924	225.59967041015625	41.28495407104492	249.0950164794922	71.90625
uninfected	0.8544715642929077	85.2347412109375	127.7091064453125	102.6747817993164	156.60751342773438
uninfected	0.8543987274169922	160.12583923339844	141.4142303466797	176.48411560058594	166.66416931152344
uninfected	0.8368840217590332	192.31887817382812	74.63431549072266	212.77993774414062	100.68927764892578
uninfected	0.8097043037414551	136.1475830078125	213.01622009277344	154.9034423828125	242.4016876220703
uninfected	0.8019254803657532	117.84335327148438	176.98745727539062	137.66038513183594	201.64691162109375
uninfected	0.7813133001327515	13.75709056854248	218.86962890625	32.50724411010742	244.02149963378906
uninfected	0.7316291928291321	58.72334289550781	118.7051010131836	75.09428405761719	149.71836853027344
uninfected	0.7271872758865356	63.83415985107422	165.84674072265625	83.14453125	190.13064575195312
uninfected	0.6552901864051819	35.437889099121094	125.15665435791016	56.75168991088867	148.98751831054688
uninfected	0.6312142610549927	13.041133880615234	182.59523010253906	35.68754959106445	204.73159790039062
uninfected	0.6192137002944946	202.5471954345703	25.834877014160156	221.19154357910156	49.126609802246094
uninfected	0.5998861193656921	25.428375244140625	224.760986328125	42.35553741455078	253.57763671875
uninfected	0.5819176435470581	223.32679748535156	0.544665515422821	243.37940979003906	23.09978675842285
uninfected	0.5394964218139648	205.41952514648438	6.3644700050354	223.6815643310547	31.063093185424805
uninfected	0.538358747959137	108.33888244628906	214.34716796875	127.75935363769531	238.72157287597656
uninfected	0.5129802823066711	120.993408203125	199.74249267578125	138.49313354492188	225.8671112060547
uninfected	0.4867970943450928	23.926185607910156	139.559326171875	42.75139617919922	165.53042602539062
infected	0.42896386981010437	79.79364776611328	213.51910400390625	98.38849639892578	246.2595977783203
uninfected	0.37115493416786194	33.38436508178711	191.5030975341797	51.37932586669922	214.15969848632812
uninfected	0.36088070273399353	209.26446533203125	35.657283782958984	231.0999755859375	68.25387573242188
uninfected	0.23098085820674896	92.51333618164062	227.19151306152344	112.17732238769531	252.398193359375
uninfected	0.2040950506925583	68.21800994873047	141.93157958984375	86.71121215820312	166.5593719482422
infected	0.17842331528663635	58.44554901123047	189.0413055419922	85.63286590576172	215.15524291992188
uninfected	0.1515880823135376	41.76954650878906	209.9380645751953	57.72903823852539	235.17677307128906
uninfected	0.13635385036468506	12.144928932189941	187.29742431640625	38.00176239013672	215.27574157714844
uninfected	0.13067208230495453	58.71293258666992	187.76687622070312	87.5422134399414	214.34327697753906
uninfected	0.12434731423854828	17.596120834350586	220.3103485107422	39.119895935058594	249.798828125
uninfected	0.08652152121067047	192.0979461669922	95.89409637451172	216.3432159423828	116.87220764160156
uninfected	0.08378447592258453	104.66026306152344	190.91311645507812	124.95651245117188	217.74862670898438
uninfected	0.07977810502052307	80.5745849609375	213.91587829589844	99.62238311767578	245.43263244628906
infected	0.06730106472969055	160.16278076171875	141.61209106445312	176.79623413085938	167.030029296875
