uninfected	0.9974638223648071	129.23236083984375	25.723007202148438	148.50155639648438	50.57799530029297
uninfected	0.9966810345649719	58.44358825683594	69.68119812011719	78.17509460449219	93.85187530517578
uninfected	0.9963191747665405	31.389976501464844	157.03533935546875	50.61092758178711	184.2236328125
uninfected	0.9959918856620789	70.554443359375	156.96127319335938	90.406982421875	181.88751220703125
uninfected	0.9959046244621277	49.86375427246094	162.66049194335938	70.7054214477539	189.20619201660156
uninfected	0.9943695664405823	2.593363046646118	67.8730239868164	21.14352035522461	92.79385375976562
uninfected	0.9932947754859924	1.173195719718933	91.92091369628906	20.7109317779541	116.19744110107422
uninfected	0.9929424524307251	106.1903305053711	74.61493682861328	127.49345397949219	96.56668090820312
uninfected	0.9925927519798279	114.02548217773438	37.044071197509766	131.45733642578125	62.14362335205078
uninfected	0.990673840045929	17.49465560913086	44.935096740722656	35.58047866821289	71.57199096679688
uninfected	0.9882565140724182	206.44314575195312	199.16639709472656	226.11489868164062	224.15777587890625
uninfected	0.9838045239448547	164.80697631835938	88.0577163696289	187.33294677734375	111.4378662109375
uninfected	0.9833056330680847	191.15708923339844	199.12869262695312	208.36227416992188	226.9418487548828
uninfected	0.9805539846420288	212.33053588867188	16.928722381591797	233.57061767578125	39.25651931762695
uninfected	0.9757424592971802	213.74058532714844	180.08872985839844	233.73257446289062	205.10215759277344
uninfected	0.9729783535003662	11.58333969116211	159.6931610107422	27.445180892944336	187.2099609375
uninfected	0.9727343320846558	181.78921508789062	204.43826293945312	197.64468383789062	233.92930603027344
uninfected	0.9722775816917419	32.33620071411133	44.71714401245117	50.82360076904297	67.99726104736328
uninfected	0.9690753817558289	188.7821807861328	110.85945892333984	209.44882202148438	137.3809814453125
uninfected	0.9660419821739197	99.62661743164062	147.87290954589844	118.41291046142578	171.5692138671875
uninfected	0.9559586644172668	73.77444458007812	46.02517318725586	91.34961700439453	73.42424011230469
uninfected	0.9555522799491882	100.47431182861328	200.3082733154297	119.15595245361328	229.36936950683594
uninfected	0.9517232775688171	184.4784698486328	176.0282440185547	203.38023376464844	202.93234252929688
uninfected	0.9358015060424805	188.91567993164062	55.2856330871582	208.57669067382812	78.396484375
uninfected	0.9186472296714783	139.33103942871094	104.355712890625	160.83700561523438	132.31573486328125
uninfected	0.9182907342910767	54.07216262817383	11.341875076293945	72.37958526611328	37.75284957885742
infected	0.9173893332481384	149.83164978027344	178.08460998535156	173.5326385498047	210.1591339111328
uninfected	0.9147290587425232	146.67469787597656	48.00405502319336	166.40711975097656	71.61929321289062
uninfected	0.9144092798233032	7.042825698852539	10.915497779846191	23.62264633178711	41.063846588134766
uninfected	0.8999412655830383	9.342697143554688	184.07135009765625	27.96013832092285	210.80064392089844
uninfected	0.8988796472549438	193.8100128173828	23.413522720336914	218.56619262695312	48.29054641723633
uninfected	0.8955692052841187	149.50198364257812	8.19017219543457	169.2252655029297	32.00522994995117
uninfected	0.8904882669448853	227.7528839111328	137.24266052246094	249.31588745117188	159.53973388671875
uninfected	0.880333423614502	166.6760711669922	207.91883850097656	184.4650115966797	238.87969970703125
uninfected	0.8798872232437134	209.2076873779297	107.6966552734375	230.2176513671875	131.0149383544922
uninfected	0.8717824220657349	79.74851989746094	3.410569906234741	101.8766860961914	26.189334869384766
uninfected	0.8644552230834961	85.91506958007812	194.18487548828125	103.69096374511719	221.99237060546875
uninfected	0.8510144948959351	142.89947509765625	86.28245544433594	163.622802734375	106.07443237304688
uninfected	0.849852979183197	77.39392852783203	179.0160369873047	99.41152954101562	202.9602813720703
uninfected	0.8481904864311218	225.2790985107422	95.82390594482422	240.68878173828125	118.18368530273438
uninfected	0.8210424780845642	11.960158348083496	0.5042712092399597	31.681671142578125	24.955463409423828
uninfected	0.8011748790740967	151.51226806640625	69.8392562866211	170.0970916748047	90.6005859375
uninfected	0.7974215745925903	146.07977294921875	141.86312866210938	165.39218139648438	161.73388671875
uninfected	0.7949373126029968	204.71026611328125	154.16310119628906	225.1239471435547	182.89051818847656
uninfected	0.7898316979408264	221.50990295410156	156.64968872070312	239.47161865234375	183.7267608642578
uninfected	0.7891511917114258	172.61041259765625	159.92660522460938	192.61029052734375	182.7801055908203
infected	0.7842219471931458	117.77118682861328	148.33905029296875	144.8642120361328	177.29722595214844
uninfected	0.7729833126068115	118.86397552490234	212.29898071289062	139.08230590820312	236.0086212158203
uninfected	0.7489051818847656	168.1353302001953	11.390419960021973	188.87496948242188	36.685813903808594
uninfected	0.7381911873817444	208.80323791503906	127.07198333740234	235.02682495117188	151.39564514160156
uninfected	0.7331790328025818	152.96145629882812	41.543701171875	175.0896453857422	64.13329315185547
uninfected	0.721824586391449	103.23031616210938	45.72971725463867	123.91719818115234	72.36105346679688
uninfected	0.7100867629051208	88.2572250366211	166.4223175048828	107.47419738769531	192.0072479248047
uninfected	0.6681997776031494	203.06808471679688	88.28701782226562	223.97718811035156	113.56129455566406
uninfected	0.6515764594078064	185.1097869873047	138.5016326904297	202.28009033203125	167.40032958984375
uninfected	0.6405522227287292	179.71090698242188	34.11760711669922	205.45477294921875	55.21746826171875
uninfected	0.5755835175514221	138.9236602783203	160.37684631347656	156.27130126953125	185.37200927734375
infected	0.501928985118866	40.26768112182617	26.67642593383789	58.43311309814453	51.99984359741211
uninfected	0.4620218575000763	199.5508575439453	145.00514221191406	219.7851104736328	171.36997985839844
uninfected	0.3822013735771179	40.17042922973633	26.47823143005371	58.69034194946289	52.19926071166992
uninfected	0.35740309953689575	107.29499816894531	189.22650146484375	126.12345123291016	215.1664276123047
uninfected	0.3533581495285034	162.36422729492188	120.25387573242188	187.86537170410156	142.03367614746094
uninfected	0.33662110567092896	144.28475952148438	1.6417443752288818	158.7270050048828	23.318359375
uninfected	0.3227316439151764	168.0272674560547	176.71151733398438	185.65585327148438	202.7711639404297
uninfected	0.3198792338371277	155.6690673828125	157.08322143554688	174.69427490234375	180.07826232910156
uninfected	0.25938835740089417	105.67169952392578	168.84181213378906	124.31269073486328	192.86322021484375
uninfected	0.20224927365779877	123.4047622680664	190.31105041503906	139.69427490234375	214.9061279296875
uninfected	0.1557445079088211	154.74374389648438	26.94292449951172	180.95558166503906	45.17066192626953
uninfected	0.15343721210956573	165.20928955078125	132.54244995117188	190.05148315429688	161.70716857910156
uninfected	0.1283004730939865	140.29344177246094	211.26470947265625	163.04306030273438	237.67454528808594
uninfected	0.09310606122016907	82.5256118774414	171.12600708007812	105.24602508544922	196.77008056640625
uninfected	0.06826955080032349	118.65402221679688	146.752685546875	144.9650115966797	178.39369201660156
uninfected	0.05741758644580841	150.77700805664062	177.6979217529297	173.1310272216797	211.21902465820312
