uninfected	0.9995803236961365	91.13853454589844	179.79025268554688	107.49769592285156	204.38626098632812
uninfected	0.9995648264884949	57.04309844970703	131.68765258789062	74.50374603271484	153.45481872558594
uninfected	0.9994685053825378	180.7334747314453	114.9345703125	197.20999145507812	137.72474670410156
uninfected	0.9994277358055115	73.02730560302734	138.36285400390625	90.32039642333984	162.14266967773438
uninfected	0.9993956089019775	44.28683090209961	148.492919921875	62.72361755371094	173.95697021484375
uninfected	0.9991886019706726	63.45701217651367	197.39686584472656	80.7245101928711	219.20578002929688
uninfected	0.9990960359573364	72.70799255371094	22.47945213317871	90.61331176757812	46.998714447021484
uninfected	0.9990068078041077	26.96537208557129	156.10202026367188	42.62772750854492	177.21206665039062
uninfected	0.9989961981773376	57.24299240112305	179.87188720703125	74.39281463623047	200.3009490966797
uninfected	0.9988834261894226	63.187191009521484	42.74911117553711	80.70282745361328	65.6309585571289
uninfected	0.9987720847129822	209.29461669921875	116.9645767211914	225.6096954345703	140.52127075195312
uninfected	0.9987348914146423	106.0060043334961	66.03336334228516	122.77094268798828	88.36613464355469
uninfected	0.9985890984535217	169.39952087402344	133.706298828125	185.19589233398438	155.29269409179688
uninfected	0.9985600113868713	129.8612823486328	143.24169921875	146.68528747558594	163.52127075195312
uninfected	0.9984410405158997	152.810302734375	141.76171875	169.7308807373047	166.9286346435547
uninfected	0.9975550770759583	199.01068115234375	18.138391494750977	218.24130249023438	41.554256439208984
uninfected	0.9972255229949951	89.424072265625	33.15711975097656	107.00486755371094	54.56534194946289
uninfected	0.9964423775672913	186.21983337402344	4.008660793304443	204.76174926757812	27.49696159362793
uninfected	0.9957764744758606	113.07998657226562	88.32941436767578	130.86972045898438	109.49636840820312
uninfected	0.9957165122032166	18.951419830322266	130.10340881347656	40.814247131347656	156.04843139648438
uninfected	0.9954535961151123	33.84231948852539	219.08865356445312	48.94898223876953	240.8794708251953
uninfected	0.9952085614204407	174.55909729003906	92.20148468017578	192.37066650390625	113.98908233642578
uninfected	0.9949066042900085	229.05783081054688	24.2908935546875	246.2211151123047	52.349002838134766
uninfected	0.99433833360672	96.54673767089844	1.5033984184265137	115.80138397216797	22.93023681640625
uninfected	0.9940310120582581	115.25149536132812	30.958303451538086	136.8848876953125	50.26533126831055
uninfected	0.9927846193313599	54.538299560546875	112.95614624023438	76.92878723144531	131.5518341064453
uninfected	0.9916634559631348	156.77622985839844	20.662134170532227	180.7693634033203	49.44382095336914
uninfected	0.9897270798683167	62.93049240112305	158.2067413330078	78.33647155761719	182.28204345703125
uninfected	0.98850017786026	109.71453094482422	127.35330963134766	128.67752075195312	147.393798828125
uninfected	0.9867643117904663	129.25717163085938	19.550718307495117	151.30526733398438	41.187339782714844
uninfected	0.9860199093818665	124.01607513427734	142.6432342529297	141.39952087402344	162.7453155517578
uninfected	0.9854261875152588	160.81637573242188	80.37791442871094	180.26231384277344	105.09999084472656
uninfected	0.9843866229057312	155.0904541015625	64.28133392333984	175.03292846679688	86.14469909667969
uninfected	0.984012246131897	70.25856018066406	222.1918487548828	85.57804870605469	240.32681274414062
uninfected	0.9838116765022278	14.72108268737793	111.27933502197266	35.5019416809082	131.16925048828125
uninfected	0.9827343821525574	151.834716796875	89.33440399169922	170.2799835205078	111.77424621582031
uninfected	0.9787786602973938	118.47319793701172	2.112600088119507	142.5466766357422	24.08393096923828
uninfected	0.9773319363594055	60.74668884277344	82.78020477294922	83.01643371582031	102.75000762939453
uninfected	0.9706107378005981	173.62718200683594	43.568363189697266	193.95913696289062	60.43632125854492
uninfected	0.9634015560150146	169.5235137939453	11.526074409484863	189.2831573486328	38.93101119995117
uninfected	0.9332190155982971	29.190143585205078	51.16835021972656	48.31618881225586	80.61943054199219
uninfected	0.8688182830810547	203.4700469970703	59.0726432800293	221.61004638671875	78.78311157226562
uninfected	0.7790409922599792	23.612098693847656	92.2802505493164	43.60123825073242	116.7889633178711
uninfected	0.7491265535354614	97.95213317871094	41.62141418457031	120.6484603881836	67.05633544921875
infected	0.7270605564117432	151.05694580078125	108.79962921142578	169.98294067382812	132.4294891357422
infected	0.6263798475265503	23.534236907958984	92.41378021240234	43.5311164855957	116.32707977294922
infected	0.5891981720924377	97.05247497558594	41.2031135559082	121.13761138916016	65.9788818359375
uninfected	0.4787762463092804	223.97970581054688	167.08984375	235.62759399414062	182.6873321533203
infected	0.19964592158794403	92.30294036865234	97.03585052490234	119.230712890625	112.47373962402344
uninfected	0.16626812517642975	151.2523193359375	108.56783294677734	169.7259979248047	132.45948791503906
uninfected	0.146039679646492	92.95453643798828	97.1258773803711	118.74613952636719	112.59386444091797
uninfected	0.06649560481309891	164.54830932617188	14.863560676574707	185.7519073486328	45.37706756591797
