uninfected	0.9991492033004761	210.6712188720703	135.32814025878906	226.16607666015625	157.19302368164062
uninfected	0.9987156391143799	220.3895721435547	153.0992431640625	237.7574920654297	175.25579833984375
uninfected	0.9986138343811035	197.2417755126953	93.0525894165039	216.5074005126953	118.52108001708984
uninfected	0.9984819293022156	160.38653564453125	168.85877990722656	177.3173370361328	190.88999938964844
uninfected	0.9983645081520081	35.01043701171875	208.97552490234375	50.52132797241211	231.77943420410156
uninfected	0.9980644583702087	228.14315795898438	178.36231994628906	244.4451446533203	199.59368896484375
uninfected	0.9974675178527832	175.283203125	189.83441162109375	192.85386657714844	213.29527282714844
uninfected	0.997285008430481	197.99679565429688	165.91000366210938	216.41656494140625	192.1662139892578
uninfected	0.997223973274231	187.0120391845703	188.66799926757812	204.7318572998047	214.20706176757812
uninfected	0.9963054656982422	97.71194458007812	162.39915466308594	114.03358459472656	186.15997314453125
uninfected	0.9959484934806824	113.75617980957031	168.91506958007812	132.0705108642578	196.71920776367188
uninfected	0.9931902289390564	230.12551879882812	34.7263069152832	251.6234130859375	61.2626838684082
uninfected	0.9931172132492065	177.67916870117188	101.6742172241211	195.9029998779297	127.81278991699219
uninfected	0.9926609992980957	217.26907348632812	108.61930084228516	241.60232543945312	131.68191528320312
uninfected	0.9897031188011169	20.526376724243164	215.30894470214844	38.59111785888672	239.8193359375
uninfected	0.987144410610199	224.11480712890625	88.37405395507812	241.55722045898438	113.65518188476562
uninfected	0.9866254329681396	35.671966552734375	143.31951904296875	56.02422332763672	171.91734313964844
uninfected	0.9814586043357849	172.2451934814453	227.984130859375	189.2580108642578	250.42526245117188
uninfected	0.9753275513648987	120.17707824707031	137.7408905029297	137.17507934570312	162.33795166015625
uninfected	0.967207133769989	209.9991912841797	56.7256965637207	229.22579956054688	89.47261810302734
uninfected	0.9667974710464478	154.384033203125	147.4638671875	170.75404357910156	166.58985900878906
uninfected	0.9499636888504028	13.974428176879883	129.6796417236328	38.99534606933594	152.20863342285156
uninfected	0.9419667720794678	33.56218338012695	107.60784912109375	51.13547897338867	137.6703338623047
uninfected	0.9413149356842041	160.72872924804688	109.31723022460938	180.9456329345703	133.87107849121094
uninfected	0.916235089302063	61.01182556152344	146.36195373535156	81.82398223876953	167.41407775878906
uninfected	0.9083355665206909	40.63764953613281	126.86885833740234	61.34991455078125	149.43661499023438
uninfected	0.905630886554718	154.15231323242188	130.67201232910156	176.57138061523438	153.36920166015625
uninfected	0.8941084742546082	45.32456588745117	94.67674255371094	61.27431106567383	126.50336456298828
uninfected	0.8881077170372009	64.32443237304688	101.7845230102539	84.81641387939453	121.45891571044922
uninfected	0.8051247000694275	137.79620361328125	130.97007751464844	154.32235717773438	151.42176818847656
uninfected	0.7215640544891357	69.6962890625	79.01551818847656	87.3149185180664	105.18538665771484
infected	0.7051518559455872	41.73777770996094	178.07855224609375	61.95231628417969	205.45437622070312
uninfected	0.6830793023109436	63.03367233276367	125.09162139892578	80.28602600097656	151.6129608154297
uninfected	0.6540319919586182	152.4645538330078	97.81902313232422	171.09939575195312	120.44786834716797
infected	0.6337326169013977	85.87745666503906	88.0397720336914	116.29595184326172	125.18242645263672
uninfected	0.6328032612800598	55.16733169555664	87.39179229736328	71.71758270263672	116.1552734375
uninfected	0.5243643522262573	84.52479553222656	119.35289001464844	102.86737060546875	144.30604553222656
uninfected	0.4673495292663574	210.43896484375	16.908544540405273	230.12606811523438	40.58110809326172
uninfected	0.41589412093162537	143.568359375	113.12860870361328	162.8799591064453	137.443115234375
uninfected	0.37920457124710083	1.6341546773910522	227.58241271972656	18.77615737915039	256.0
uninfected	0.36485451459884644	64.88501739501953	209.87245178222656	82.30517578125	231.6132049560547
infected	0.3519752621650696	144.57786560058594	36.577781677246094	164.08436584472656	69.60272216796875
uninfected	0.3331211507320404	41.22281265258789	177.66847229003906	62.45542907714844	205.69464111328125
uninfected	0.29130807518959045	178.4945068359375	206.93338012695312	192.10353088378906	226.18809509277344
uninfected	0.22758768498897552	70.01363372802734	118.40928649902344	87.52967834472656	139.49069213867188
uninfected	0.21105797588825226	78.54075622558594	55.20523452758789	96.45093536376953	84.28174591064453
infected	0.1932372897863388	63.043094635009766	125.42023468017578	80.90801239013672	151.685791015625
uninfected	0.12634558975696564	192.71006774902344	61.35416793823242	210.47105407714844	82.23627471923828
infected	0.10779595375061035	85.36106872558594	99.75719451904297	109.27564239501953	130.50987243652344
uninfected	0.09481466561555862	180.2187042236328	82.7188949584961	199.09913635253906	103.59395599365234
uninfected	0.09225994348526001	186.4353485107422	142.12744140625	198.22366333007812	165.03890991210938
uninfected	0.08839680999517441	123.4977035522461	114.08995819091797	150.14785766601562	145.72767639160156
uninfected	0.07136552035808563	108.2044677734375	109.78199005126953	123.37940979003906	134.528076171875
uninfected	0.06108957901597023	144.90321350097656	35.18189239501953	164.12933349609375	68.5182876586914
uninfected	0.05629181116819382	195.72317504882812	43.02057647705078	219.89700317382812	63.63263702392578
uninfected	0.0533137284219265	161.69284057617188	80.92150115966797	181.1640167236328	103.52708435058594
