uninfected	0.9992247819900513	166.8176727294922	117.45707702636719	183.79994201660156	140.70361328125
uninfected	0.9990461468696594	92.72895050048828	123.8651351928711	110.93575286865234	150.39515686035156
uninfected	0.9990240335464478	210.16915893554688	83.17192077636719	229.8624725341797	109.62117767333984
uninfected	0.9988572597503662	57.75211715698242	98.48310089111328	75.5191421508789	122.82875061035156
uninfected	0.9987836480140686	166.1039581298828	184.77659606933594	183.49017333984375	209.80894470214844
uninfected	0.9983598589897156	143.43759155273438	96.86399841308594	161.71749877929688	121.83751678466797
uninfected	0.9978000521659851	35.37941360473633	147.66781616210938	54.58707046508789	175.01364135742188
uninfected	0.9977965354919434	222.6399688720703	54.83464813232422	241.29013061523438	81.69225311279297
uninfected	0.9977213740348816	229.36700439453125	127.95662689208984	248.1699676513672	147.53030395507812
uninfected	0.9974678754806519	209.63922119140625	192.52220153808594	227.5426483154297	219.29852294921875
uninfected	0.9974453449249268	157.0404815673828	153.5377960205078	173.5111541748047	178.21868896484375
uninfected	0.9970760345458984	178.41848754882812	163.29750061035156	199.6117706298828	185.11671447753906
uninfected	0.9964415431022644	190.62013244628906	57.77680587768555	210.64627075195312	83.29005432128906
uninfected	0.9963034391403198	17.713665008544922	169.839599609375	35.45992660522461	195.5828857421875
uninfected	0.9961058497428894	110.54029846191406	126.78649139404297	129.2220916748047	152.36048889160156
uninfected	0.9958114624023438	146.69285583496094	129.07687377929688	165.03257751464844	155.1195831298828
uninfected	0.9950573444366455	51.340946197509766	14.332179069519043	68.67619323730469	40.211021423339844
uninfected	0.9950535893440247	122.30913543701172	216.2504119873047	141.5330047607422	243.24017333984375
uninfected	0.9945886135101318	91.6708984375	38.22821807861328	111.7908935546875	65.1595230102539
uninfected	0.9939887523651123	166.44630432128906	63.291561126708984	184.458251953125	89.66136169433594
uninfected	0.9933866858482361	224.51861572265625	147.31964111328125	242.85946655273438	173.13121032714844
uninfected	0.9931682348251343	141.48495483398438	179.9232177734375	160.51893615722656	209.64825439453125
uninfected	0.9930353760719299	40.437599182128906	218.80519104003906	59.83266067504883	245.70608520507812
uninfected	0.9925177097320557	65.6860122680664	45.20137405395508	85.3099136352539	70.74681854248047
uninfected	0.991703987121582	101.58650970458984	151.197998046875	121.28404998779297	179.98587036132812
uninfected	0.9900920987129211	207.08248901367188	23.122005462646484	225.50917053222656	50.013240814208984
uninfected	0.9886876344680786	139.69969177246094	208.22128295898438	157.31874084472656	233.3055419921875
uninfected	0.9880537390708923	228.0986328125	84.31333923339844	247.9578399658203	108.80146026611328
uninfected	0.9874452352523804	198.50885009765625	217.19430541992188	217.1753692626953	241.1156463623047
uninfected	0.9870145320892334	224.775146484375	23.162750244140625	244.66929626464844	49.60190200805664
uninfected	0.9866178631782532	212.20347595214844	134.08506774902344	229.5486297607422	157.25978088378906
uninfected	0.9865889549255371	79.95719909667969	61.31027603149414	98.21939086914062	90.5557632446289
uninfected	0.9864339828491211	225.763671875	101.68994903564453	243.63299560546875	127.5167465209961
uninfected	0.9835190176963806	219.35137939453125	213.1481170654297	238.49110412597656	237.09288024902344
uninfected	0.9787842631340027	120.06425476074219	10.588804244995117	139.66477966308594	37.36438751220703
uninfected	0.9717544317245483	41.990692138671875	45.11794662475586	61.92634582519531	70.94196319580078
uninfected	0.9710301160812378	163.36717224121094	4.014075756072998	180.15521240234375	29.705698013305664
uninfected	0.9668302536010742	133.9779510498047	19.6210880279541	153.1091766357422	45.06090545654297
uninfected	0.9659234881401062	131.43992614746094	49.065521240234375	149.76060485839844	80.53521728515625
uninfected	0.9616760611534119	31.345449447631836	32.286556243896484	51.50529098510742	54.85603332519531
uninfected	0.956189751625061	25.150985717773438	53.13384246826172	46.14984130859375	78.8048095703125
uninfected	0.9448809027671814	8.350674629211426	7.006846904754639	25.41147804260254	38.30848693847656
uninfected	0.9298245906829834	13.532937049865723	42.71755599975586	27.68999671936035	74.66543579101562
uninfected	0.9294122457504272	112.67285919189453	45.42538833618164	129.6932830810547	69.96370697021484
uninfected	0.9233641028404236	187.5663604736328	197.9060516357422	204.8386993408203	226.80569458007812
uninfected	0.9047898650169373	74.19535064697266	32.91854476928711	94.4701919555664	55.95069122314453
uninfected	0.8720285892486572	173.95150756835938	215.472900390625	192.6887969970703	239.83657836914062
uninfected	0.8440276980400085	215.28663635253906	117.61483764648438	232.76495361328125	139.28114318847656
uninfected	0.8253706097602844	143.6903076171875	229.30694580078125	165.1774139404297	253.39874267578125
uninfected	0.8169245719909668	44.39339828491211	116.13233184814453	62.600868225097656	142.87704467773438
infected	0.7600685358047485	89.202392578125	82.24797058105469	108.96922302246094	114.12919616699219
uninfected	0.6941032409667969	22.639272689819336	8.124709129333496	37.219966888427734	36.824546813964844
uninfected	0.6768600940704346	144.7816619873047	8.966132164001465	163.29046630859375	36.30267333984375
uninfected	0.5525557398796082	234.8015594482422	12.857430458068848	255.4380340576172	41.532798767089844
uninfected	0.39136579632759094	73.21697235107422	13.38482666015625	97.76538848876953	36.61099624633789
uninfected	0.0753665342926979	101.66082763671875	0.11885497719049454	117.96328735351562	27.74645233154297
uninfected	0.05599471181631088	88.95286560058594	81.05098724365234	108.58427429199219	114.54769134521484
