uninfected	0.9996410608291626	77.90771484375	96.31729125976562	94.09273529052734	119.11317443847656
uninfected	0.9994944334030151	52.11716079711914	155.78500366210938	69.19096374511719	177.57156372070312
uninfected	0.9994902610778809	34.22353744506836	173.00296020507812	51.89619064331055	193.22195434570312
uninfected	0.9994329810142517	168.42884826660156	145.9984130859375	185.25352478027344	169.90020751953125
uninfected	0.9993287324905396	219.96853637695312	155.1588592529297	239.32122802734375	179.34518432617188
uninfected	0.9992249011993408	11.997511863708496	179.4972686767578	30.532785415649414	202.52503967285156
uninfected	0.9991652965545654	183.5765838623047	220.6289825439453	200.184814453125	244.08316040039062
uninfected	0.9990524649620056	177.67691040039062	119.0123291015625	194.777099609375	143.18418884277344
uninfected	0.9990212917327881	179.30661010742188	160.8556365966797	199.2660369873047	186.3794708251953
uninfected	0.9990088939666748	188.19064331054688	1.4837414026260376	205.5569305419922	22.906103134155273
uninfected	0.9989607334136963	185.44644165039062	97.62200164794922	201.48207092285156	121.58779907226562
uninfected	0.9988866448402405	70.71123504638672	216.62681579589844	85.55058288574219	238.791259765625
uninfected	0.9988276362419128	224.87628173828125	108.61416625976562	243.3153533935547	133.49404907226562
uninfected	0.9986398816108704	2.6017374992370605	151.1061553955078	19.58419418334961	174.30868530273438
uninfected	0.9986178874969482	139.06643676757812	71.32201385498047	157.1307373046875	95.16085815429688
uninfected	0.9985243678092957	135.0748748779297	115.72139739990234	149.72947692871094	134.9246368408203
uninfected	0.9985070824623108	5.1330389976501465	27.367055892944336	20.553714752197266	49.13507080078125
uninfected	0.9982293248176575	149.08941650390625	51.74609375	167.95008850097656	74.61485290527344
uninfected	0.9980958104133606	53.00519943237305	22.709596633911133	71.45272064208984	44.00430679321289
uninfected	0.9980375170707703	173.66207885742188	90.57884216308594	189.9165802001953	116.02111053466797
uninfected	0.9979020357131958	156.66981506347656	181.5076904296875	170.9741973876953	203.37655639648438
uninfected	0.9978711605072021	213.9199981689453	132.3472900390625	232.43875122070312	156.8251495361328
uninfected	0.9976709485054016	158.54196166992188	200.47276306152344	175.60304260253906	222.400146484375
uninfected	0.9972615242004395	159.11306762695312	82.37142181396484	175.24923706054688	104.36306762695312
uninfected	0.9965569972991943	144.7346954345703	198.65687561035156	158.94981384277344	217.73670959472656
uninfected	0.9962852001190186	150.11761474609375	90.9480972290039	166.49913024902344	116.00406646728516
uninfected	0.9962753057479858	226.56027221679688	70.83029174804688	244.31179809570312	96.01972198486328
uninfected	0.9959617257118225	163.1827392578125	211.02577209472656	177.6970977783203	231.9180450439453
uninfected	0.9930751323699951	107.38539123535156	91.62511444091797	123.09982299804688	115.03147888183594
uninfected	0.9922876358032227	205.93077087402344	226.15826416015625	224.3590545654297	250.70684814453125
uninfected	0.9901502132415771	160.0177001953125	70.4063720703125	177.70684814453125	91.61416625976562
uninfected	0.9898062348365784	139.6237030029297	221.9656982421875	159.64996337890625	242.97879028320312
uninfected	0.9887451529502869	156.69686889648438	5.346301078796387	173.30084228515625	26.78289222717285
uninfected	0.9834801554679871	141.12489318847656	144.92059326171875	154.03140258789062	161.5245361328125
infected	0.8358026742935181	165.55133056640625	15.448819160461426	186.82183837890625	41.58342742919922
uninfected	0.8150441646575928	116.1627426147461	103.07050323486328	130.2785186767578	120.86245727539062
uninfected	0.736249566078186	174.4423370361328	41.80414581298828	186.48878479003906	58.15409469604492
infected	0.6984258890151978	130.5469970703125	139.54200744628906	144.3502197265625	158.1121826171875
uninfected	0.6417717933654785	6.3914947509765625	178.0797882080078	20.793119430541992	193.84454345703125
infected	0.15269476175308228	57.55488586425781	183.71878051757812	70.96446990966797	202.95706176757812
