uninfected	0.9988020658493042	88.05039978027344	126.23480987548828	104.24141693115234	148.0448760986328
uninfected	0.9983395338058472	163.61676025390625	199.89788818359375	183.70941162109375	227.12039184570312
uninfected	0.9979914426803589	148.8496856689453	87.07723236083984	167.31356811523438	111.15850067138672
uninfected	0.9978194236755371	44.84823989868164	19.96076774597168	62.48930358886719	43.5615234375
uninfected	0.9977167844772339	138.61407470703125	11.529777526855469	156.74322509765625	35.76945877075195
uninfected	0.9976193308830261	103.20425415039062	6.254550457000732	121.45978546142578	31.81010627746582
uninfected	0.9972699284553528	39.325321197509766	64.23563385009766	56.70250701904297	87.67063903808594
uninfected	0.997144877910614	30.56739616394043	98.69371795654297	47.05403518676758	119.475830078125
uninfected	0.9970211386680603	31.801103591918945	169.1141815185547	51.02671813964844	194.87796020507812
uninfected	0.9970205426216125	180.4452667236328	187.50741577148438	198.2509765625	213.27674865722656
uninfected	0.9968695044517517	187.87222290039062	118.32792663574219	205.96249389648438	145.543212890625
uninfected	0.9966722726821899	136.42440795898438	99.14960479736328	155.5237579345703	123.70523071289062
uninfected	0.9966304898262024	118.6706771850586	31.858726501464844	139.48403930664062	56.95634460449219
uninfected	0.9965033531188965	18.50289535522461	144.25328063964844	35.77833557128906	169.5342559814453
uninfected	0.9963898062705994	113.92384338378906	94.07998657226562	131.96006774902344	120.41756439208984
uninfected	0.9963539838790894	110.07283782958984	170.75405883789062	129.1232147216797	195.7550811767578
uninfected	0.9962177872657776	136.4842987060547	59.77418899536133	154.48902893066406	86.36192321777344
uninfected	0.996096670627594	191.62229919433594	165.0983123779297	209.39468383789062	195.5294952392578
uninfected	0.995658278465271	120.30226135253906	0.6026049852371216	138.52587890625	24.41051483154297
uninfected	0.9955899715423584	16.205181121826172	178.97146606445312	34.4349250793457	202.1060333251953
uninfected	0.9951657056808472	76.0159683227539	139.8986053466797	92.49125671386719	161.99244689941406
uninfected	0.9950042366981506	51.38084411621094	39.19719696044922	69.78874969482422	68.61872863769531
uninfected	0.9945853352546692	171.33529663085938	86.50824737548828	189.2985382080078	113.06602478027344
uninfected	0.9945017099380493	185.82020568847656	84.30093383789062	204.82786560058594	109.0707778930664
uninfected	0.9944591522216797	91.688720703125	94.81000518798828	111.63626098632812	120.41156768798828
uninfected	0.9944146871566772	172.7257843017578	144.1928253173828	191.84315490722656	172.85081481933594
uninfected	0.9943869113922119	203.40618896484375	157.7711639404297	223.12872314453125	182.50057983398438
uninfected	0.9942976832389832	21.804950714111328	75.62125396728516	40.20610809326172	102.54126739501953
uninfected	0.9941937327384949	66.82707214355469	55.81922912597656	85.45414733886719	81.30178833007812
uninfected	0.9940477609634399	5.2674970626831055	162.098876953125	21.681137084960938	187.84384155273438
uninfected	0.9940187931060791	41.60039520263672	85.82782745361328	58.64501190185547	108.94589233398438
uninfected	0.9938281178474426	141.0268096923828	206.83306884765625	157.58297729492188	234.49630737304688
uninfected	0.9933562278747559	17.9326229095459	58.93171691894531	39.91097640991211	81.35700225830078
uninfected	0.9930859804153442	63.025360107421875	155.98927307128906	81.17170715332031	183.57997131347656
uninfected	0.9928370118141174	196.9583282470703	137.2587432861328	217.4319610595703	162.91098022460938
uninfected	0.9922330379486084	159.09954833984375	69.42170715332031	175.96571350097656	92.01109313964844
uninfected	0.9916198253631592	102.35913848876953	135.61805725097656	120.76255798339844	158.5951690673828
uninfected	0.9910861849784851	1.4723058938980103	128.82276916503906	19.556804656982422	155.02633666992188
uninfected	0.989835798740387	182.45274353027344	0.3146984875202179	201.9740753173828	25.683666229248047
uninfected	0.9880393147468567	164.45689392089844	26.028793334960938	180.50169372558594	50.76495361328125
uninfected	0.9877244234085083	69.63673400878906	184.3650360107422	88.41393280029297	209.59222412109375
uninfected	0.9868848323822021	124.04405975341797	213.72666931152344	143.3409881591797	238.6414794921875
uninfected	0.9855986833572388	106.21624755859375	154.63291931152344	127.7049789428711	174.34873962402344
uninfected	0.9851040244102478	104.48377990722656	209.01019287109375	123.30245208740234	232.5069122314453
uninfected	0.9812011122703552	74.760498046875	93.15760803222656	93.91983032226562	118.14543914794922
uninfected	0.9805722236633301	66.61337280273438	31.791933059692383	83.8930435180664	57.65871810913086
uninfected	0.9779483079910278	174.9550323486328	67.62564086914062	193.7403106689453	90.26360321044922
uninfected	0.9731853008270264	92.64678192138672	19.548532485961914	110.05901336669922	46.67146301269531
uninfected	0.9714785814285278	159.8692626953125	50.70258331298828	178.427978515625	75.56494140625
uninfected	0.9685474634170532	63.61978530883789	222.89622497558594	82.38509368896484	248.51841735839844
uninfected	0.9519265294075012	44.632781982421875	212.312255859375	64.53620147705078	242.1484375
uninfected	0.925950825214386	58.150936126708984	127.01725006103516	73.15974426269531	150.1885223388672
uninfected	0.9005215764045715	33.448604583740234	39.79473876953125	51.912845611572266	66.71772003173828
uninfected	0.8954270482063293	116.12734985351562	194.17982482910156	137.582763671875	219.56466674804688
uninfected	0.8735932111740112	55.817264556884766	0.33149534463882446	74.7223892211914	23.650951385498047
infected	0.8558982014656067	135.31288146972656	182.95077514648438	154.08050537109375	206.5340118408203
uninfected	0.7995940446853638	42.06757736206055	111.01022338867188	57.34817123413086	130.50282287597656
uninfected	0.733504593372345	76.59527587890625	73.77424621582031	95.3550796508789	97.43803405761719
uninfected	0.719711184501648	84.80384826660156	3.9583518505096436	104.7479476928711	28.103498458862305
uninfected	0.6217350959777832	76.60444641113281	12.77005386352539	94.2951431274414	54.45356750488281
infected	0.5582304000854492	56.701995849609375	76.65715026855469	73.0533447265625	102.46537780761719
uninfected	0.5399031043052673	102.28564453125	229.26524353027344	126.3031234741211	252.97630310058594
uninfected	0.3766336143016815	56.727176666259766	76.4137191772461	73.14899444580078	102.1053237915039
uninfected	0.32153528928756714	80.03838348388672	30.623109817504883	94.42300415039062	58.87805938720703
infected	0.23449425399303436	76.84854125976562	73.92156219482422	95.60533905029297	97.25214385986328
uninfected	0.20179301500320435	19.4210147857666	117.38209533691406	37.11064910888672	138.9720001220703
uninfected	0.19204653799533844	62.71268844604492	109.275390625	82.04039764404297	129.95375061035156
infected	0.07873445749282837	33.696624755859375	40.048255920410156	52.26406478881836	66.7048110961914
