uninfected	0.9983651041984558	148.13710021972656	198.336181640625	168.39752197265625	222.71728515625
uninfected	0.9983108043670654	146.23414611816406	146.21463012695312	163.7364501953125	170.41172790527344
uninfected	0.9982196688652039	59.23265075683594	187.9926300048828	77.3759536743164	214.80270385742188
uninfected	0.9978949427604675	192.21417236328125	219.32147216796875	211.6180877685547	241.52198791503906
uninfected	0.9973357319831848	43.17774200439453	150.03318786621094	60.14082717895508	173.76687622070312
uninfected	0.9966327548027039	161.8470001220703	156.82041931152344	180.9611358642578	182.58706665039062
uninfected	0.9964441657066345	175.20982360839844	29.677753448486328	194.3870086669922	57.72694396972656
uninfected	0.9957439303398132	26.512941360473633	28.70570182800293	44.17416000366211	52.59064483642578
uninfected	0.9948946237564087	230.05328369140625	81.71163940429688	248.24276733398438	105.71747589111328
uninfected	0.9942430853843689	43.25210952758789	196.88583374023438	61.436805725097656	223.49864196777344
uninfected	0.9925514459609985	71.74779510498047	118.60314178466797	90.33287811279297	144.10975646972656
uninfected	0.9905824661254883	4.495889663696289	166.8932342529297	23.217792510986328	191.81082153320312
uninfected	0.9851881265640259	39.351844787597656	222.7625732421875	57.98072052001953	246.2138214111328
uninfected	0.9843292236328125	135.08189392089844	175.8732147216797	154.187744140625	200.52110290527344
uninfected	0.9838645458221436	160.2631072998047	43.86710739135742	179.44036865234375	71.80490112304688
uninfected	0.9603729248046875	110.1183853149414	164.3896484375	130.17282104492188	193.5146484375
uninfected	0.9216381907463074	11.376330375671387	228.51953125	28.137653350830078	247.47488403320312
infected	0.881694495677948	80.20280456542969	161.55186462402344	100.17656707763672	185.73085021972656
uninfected	0.6770899295806885	190.76513671875	193.7887725830078	210.02505493164062	219.75306701660156
infected	0.5730382800102234	191.17481994628906	194.2458038330078	209.84181213378906	219.18470764160156
uninfected	0.3330308198928833	207.90049743652344	22.227407455444336	225.88885498046875	52.30891036987305
uninfected	0.27853068709373474	205.38522338867188	174.61192321777344	223.78065490722656	202.38458251953125
uninfected	0.1834741085767746	122.11178588867188	102.666259765625	140.53160095214844	129.13632202148438
infected	0.11383504420518875	207.72573852539062	23.050819396972656	226.22706604003906	52.93367004394531
