uninfected	0.9997414946556091	116.16191864013672	156.06204223632812	133.58221435546875	179.7953643798828
uninfected	0.999692440032959	195.20626831054688	120.54525756835938	212.6233673095703	144.31861877441406
uninfected	0.9996657371520996	190.5135498046875	199.27206420898438	206.80303955078125	221.02354431152344
uninfected	0.9996529817581177	14.865541458129883	74.62271881103516	33.91058349609375	97.5569839477539
uninfected	0.9995986819267273	61.71720886230469	105.36402130126953	77.76570892333984	127.89876556396484
uninfected	0.9995850920677185	39.65925598144531	75.13495635986328	56.22686767578125	96.96049499511719
uninfected	0.9995747208595276	129.43069458007812	173.49632263183594	148.13096618652344	194.65374755859375
uninfected	0.999526858329773	175.15982055664062	117.71507263183594	189.853759765625	137.69943237304688
uninfected	0.9995137453079224	130.56436157226562	37.81574249267578	147.25979614257812	60.475067138671875
uninfected	0.999483585357666	97.95188903808594	179.0170440673828	117.9006576538086	201.34957885742188
uninfected	0.9994556307792664	53.224388122558594	169.3135528564453	70.58870697021484	195.17507934570312
uninfected	0.9994339346885681	41.2154541015625	130.95465087890625	57.78072738647461	152.3594512939453
uninfected	0.9994181394577026	118.61854553222656	57.694705963134766	135.58090209960938	80.00184631347656
uninfected	0.9993709921836853	49.28895950317383	92.96282958984375	66.41808319091797	115.50564575195312
uninfected	0.9992653727531433	191.6815643310547	71.43537139892578	207.64491271972656	92.86212921142578
uninfected	0.9992577433586121	27.286901473999023	92.86599731445312	46.297607421875	116.31595611572266
uninfected	0.9992126226425171	3.485640287399292	4.789102554321289	21.439620971679688	26.72831916809082
uninfected	0.9991980195045471	28.02039337158203	18.533401489257812	42.97718811035156	38.51226806640625
uninfected	0.9991445541381836	15.397693634033203	131.6959991455078	32.41678237915039	156.60531616210938
uninfected	0.9989055395126343	187.24200439453125	15.573888778686523	203.5637969970703	36.86383056640625
uninfected	0.9989023208618164	46.03530502319336	42.54136657714844	61.99189758300781	62.0322151184082
uninfected	0.9985663294792175	231.0828399658203	232.892333984375	246.6972198486328	254.1717987060547
uninfected	0.9985485672950745	68.02027130126953	68.96761322021484	87.05989074707031	88.06049346923828
uninfected	0.9983288645744324	202.7711639404297	188.89508056640625	219.26718139648438	213.0369415283203
uninfected	0.9982482194900513	49.72211456298828	55.61416244506836	68.18761444091797	75.25421142578125
uninfected	0.9981340765953064	175.81198120117188	44.21010971069336	192.0158233642578	64.11198425292969
uninfected	0.9979743361473083	63.3321533203125	43.44890594482422	77.8602066040039	62.211483001708984
uninfected	0.9977806210517883	161.08773803710938	22.749773025512695	177.76025390625	45.85524368286133
uninfected	0.9977526068687439	4.0840654373168945	175.935302734375	20.939117431640625	199.504638671875
uninfected	0.9976906776428223	101.97664642333984	231.03231811523438	120.40123748779297	254.49876403808594
uninfected	0.9970170259475708	57.137752532958984	72.84530639648438	75.4063949584961	92.7455062866211
uninfected	0.9967707395553589	150.95663452148438	163.2992401123047	169.65960693359375	188.05712890625
uninfected	0.9952869415283203	89.4177017211914	70.58881378173828	104.4610595703125	89.4390869140625
uninfected	0.9951678514480591	219.50595092773438	189.70375061035156	234.44395446777344	212.7597198486328
uninfected	0.9944003224372864	224.83639526367188	147.3105926513672	240.47796630859375	165.76193237304688
uninfected	0.9934485554695129	23.500865936279297	115.44900512695312	42.21418762207031	138.31785583496094
uninfected	0.9933725595474243	115.9762191772461	135.0426788330078	130.5688934326172	153.0434112548828
uninfected	0.96905118227005	101.20462036132812	2.4878532886505127	113.67311096191406	18.65464973449707
uninfected	0.9600985646247864	199.54945373535156	214.6783905029297	222.7527313232422	231.623779296875
infected	0.9547652006149292	99.71380615234375	73.31851959228516	122.12570190429688	101.8056640625
uninfected	0.9435811042785645	6.811994552612305	232.27960205078125	25.965267181396484	253.17010498046875
uninfected	0.9144033193588257	226.96885681152344	132.7362518310547	239.3085479736328	149.68260192871094
infected	0.8395028710365295	153.81956481933594	42.368377685546875	177.73475646972656	68.7813949584961
uninfected	0.784636378288269	83.80612182617188	158.54611206054688	97.18838500976562	185.17189025878906
infected	0.7329353094100952	121.29353332519531	20.74615478515625	137.47201538085938	42.810691833496094
uninfected	0.5697175860404968	236.90745544433594	137.0328826904297	249.15402221679688	153.02447509765625
uninfected	0.363197386264801	153.5780792236328	43.06589126586914	178.86488342285156	68.57231140136719
infected	0.3428233861923218	81.28256225585938	196.52593994140625	103.60564422607422	214.32620239257812
uninfected	0.3342495262622833	0.6396783590316772	121.56175231933594	16.52471923828125	146.3036346435547
uninfected	0.25810983777046204	116.58869171142578	11.188688278198242	127.2299575805664	25.6647891998291
