uninfected	0.9993981122970581	92.7364273071289	105.80706024169922	110.74117279052734	129.73216247558594
uninfected	0.9990111589431763	117.84918975830078	177.9881591796875	136.7993621826172	203.70941162109375
uninfected	0.9989687204360962	78.6611328125	186.3355255126953	98.49849700927734	211.80532836914062
uninfected	0.9989044666290283	44.33583450317383	33.711673736572266	61.97788619995117	58.3730583190918
uninfected	0.9988652467727661	125.39380645751953	99.43519592285156	143.5830841064453	123.96515655517578
uninfected	0.9987415671348572	127.87887573242188	68.6830062866211	145.4778594970703	93.45014190673828
uninfected	0.9986133575439453	148.03421020507812	179.90806579589844	167.0595245361328	204.61204528808594
uninfected	0.9984997510910034	132.77670288085938	146.1234893798828	152.77853393554688	170.2825927734375
uninfected	0.9983294606208801	132.74224853515625	0.9506652355194092	151.7005157470703	24.27747917175293
uninfected	0.9979711174964905	224.97914123535156	44.66786193847656	244.80123901367188	67.23149871826172
uninfected	0.9979694485664368	111.02122497558594	97.61383819580078	127.3197021484375	120.40559387207031
uninfected	0.9978729486465454	142.66102600097656	158.9933624267578	162.0722198486328	182.59237670898438
uninfected	0.9978633522987366	110.63054656982422	117.28263092041016	131.37139892578125	142.05972290039062
uninfected	0.9973365664482117	176.9763641357422	218.77114868164062	197.49807739257812	240.3528289794922
uninfected	0.9972378015518188	200.5148468017578	230.4956817626953	218.53683471679688	254.06649780273438
uninfected	0.9972184896469116	216.32534790039062	125.44775390625	233.3149871826172	150.2842559814453
uninfected	0.9972038269042969	33.49602508544922	228.38531494140625	53.96738052368164	253.8729248046875
uninfected	0.997200608253479	234.3762969970703	179.70494079589844	253.53379821777344	205.36239624023438
uninfected	0.9970513582229614	219.97120666503906	65.41311645507812	240.71405029296875	86.39884948730469
uninfected	0.997014045715332	143.56883239746094	112.91749572753906	161.69236755371094	134.70144653320312
uninfected	0.9966685175895691	221.3822784423828	22.746742248535156	241.4023895263672	46.59900665283203
uninfected	0.9965974688529968	96.64094543457031	130.9567108154297	115.33126068115234	155.11685180664062
uninfected	0.9962220191955566	210.7699432373047	194.54745483398438	233.09255981445312	218.01507568359375
uninfected	0.9949588179588318	176.03250122070312	36.19032287597656	197.08363342285156	56.94877624511719
uninfected	0.9941675662994385	230.4342498779297	211.472412109375	251.07339477539062	237.3643341064453
uninfected	0.993980884552002	112.86224365234375	203.6463623046875	132.5601348876953	228.80577087402344
uninfected	0.9924197793006897	22.482690811157227	68.82949829101562	41.40484619140625	92.3331298828125
uninfected	0.9922735095024109	181.18402099609375	10.549898147583008	202.384765625	37.67230224609375
uninfected	0.9914368987083435	17.534828186035156	100.6773452758789	32.63471603393555	127.5916748046875
uninfected	0.9900027513504028	50.47499465942383	9.742450714111328	69.22574615478516	35.98634338378906
uninfected	0.989355742931366	71.735595703125	135.67286682128906	91.32807159423828	161.45745849609375
uninfected	0.9885072708129883	64.97551727294922	111.72377014160156	84.74738311767578	134.99490356445312
uninfected	0.9884882569313049	206.8011474609375	100.82156372070312	227.84947204589844	122.46314239501953
uninfected	0.9879049062728882	45.28807067871094	119.27581787109375	66.32398986816406	142.46151733398438
uninfected	0.9803174734115601	53.54003143310547	172.31532287597656	74.57254028320312	194.67481994628906
uninfected	0.9686403870582581	8.215810775756836	73.51436614990234	24.049917221069336	99.35157012939453
uninfected	0.9578432440757751	207.30416870117188	138.74057006835938	222.19288635253906	162.6551971435547
infected	0.9547668099403381	81.876220703125	154.00233459472656	106.12491607666016	182.94642639160156
infected	0.9491055011749268	17.051904678344727	147.24267578125	37.293949127197266	172.67257690429688
uninfected	0.9119726419448853	22.497314453125	133.8218994140625	41.970298767089844	153.0802459716797
infected	0.8848624229431152	38.67607879638672	70.65792846679688	60.90104675292969	95.5611343383789
uninfected	0.8683198690414429	14.158234596252441	169.88427734375	32.83787155151367	192.32583618164062
uninfected	0.8548728227615356	3.587038993835449	162.69955444335938	20.728450775146484	188.69810485839844
infected	0.7332849502563477	54.97831344604492	138.18125915527344	74.88736724853516	169.70773315429688
uninfected	0.6714987754821777	55.62125015258789	136.94493103027344	74.7109146118164	168.8633575439453
uninfected	0.6541355848312378	39.33294677734375	100.70854187011719	57.14146423339844	124.44588470458984
infected	0.5581763982772827	223.73562622070312	90.37226104736328	246.5769500732422	116.76175689697266
uninfected	0.443506121635437	2.379880428314209	130.1493682861328	22.869125366210938	148.96533203125
uninfected	0.4160151779651642	34.50305938720703	0.0	55.82613754272461	26.16263198852539
uninfected	0.4100134074687958	223.46788024902344	89.56521606445312	247.04925537109375	116.56269073486328
uninfected	0.3602767586708069	38.824745178222656	70.29521942138672	60.91105270385742	96.46562957763672
uninfected	0.35624104738235474	28.69745635986328	172.89505004882812	49.02040481567383	190.69094848632812
infected	0.2886646091938019	39.38257598876953	101.1307601928711	57.40174865722656	124.2846450805664
uninfected	0.055443935096263885	9.822803497314453	170.59288024902344	47.91982650756836	191.0712890625
