uninfected	0.9995390176773071	66.06011962890625	161.56951904296875	83.25088500976562	184.3152313232422
uninfected	0.9994378685951233	45.186805725097656	203.7041778564453	62.08877944946289	226.67996215820312
uninfected	0.9993422627449036	57.24518585205078	182.37461853027344	73.30509948730469	205.19091796875
uninfected	0.9992803931236267	42.81110763549805	172.80392456054688	58.01304244995117	195.79251098632812
uninfected	0.9991017580032349	23.00370216369629	198.14100646972656	40.62849807739258	221.85983276367188
uninfected	0.9988723397254944	128.701904296875	176.869384765625	146.74151611328125	197.2825164794922
uninfected	0.9986422657966614	43.2725830078125	133.1739959716797	62.72411346435547	154.0476531982422
uninfected	0.9984903335571289	131.03123474121094	119.8009033203125	150.36453247070312	139.73239135742188
uninfected	0.9972437620162964	7.655333042144775	184.96066284179688	23.50931167602539	204.15675354003906
uninfected	0.9965498447418213	116.12767028808594	123.93941497802734	132.35562133789062	149.6889190673828
uninfected	0.9964390397071838	128.96287536621094	157.9538116455078	150.5444793701172	178.7591552734375
uninfected	0.9953098893165588	96.08063507080078	140.3143768310547	112.8893051147461	162.5351104736328
uninfected	0.9928143620491028	114.94550323486328	177.89317321777344	131.1039276123047	198.90138244628906
uninfected	0.9897640943527222	122.21409606933594	74.67349243164062	142.778564453125	100.41845703125
uninfected	0.9882897138595581	78.53108978271484	193.11302185058594	94.12539672851562	223.7932586669922
uninfected	0.9870620369911194	13.172566413879395	220.9672088623047	30.191312789916992	243.2314910888672
uninfected	0.9859218001365662	217.35360717773438	223.8441619873047	237.04576110839844	245.5676727294922
uninfected	0.9834461808204651	105.20549774169922	63.708919525146484	126.50770568847656	89.65544891357422
uninfected	0.9827552437782288	63.58781433105469	201.0166015625	78.97093200683594	229.8553009033203
uninfected	0.9818599820137024	99.6658935546875	37.71527099609375	118.8862075805664	61.25099563598633
uninfected	0.9817578196525574	123.57862854003906	100.37273406982422	141.11119079589844	123.89035034179688
uninfected	0.980694055557251	127.97333526611328	140.46640014648438	147.3852081298828	158.1413116455078
uninfected	0.9805877804756165	117.14768981933594	151.82958984375	132.48635864257812	178.71742248535156
uninfected	0.9175003170967102	98.93736267089844	160.4990997314453	118.08123016357422	180.508544921875
uninfected	0.909114420413971	137.94161987304688	91.53418731689453	151.23007202148438	115.83787536621094
uninfected	0.8850141167640686	7.65626335144043	201.3116912841797	21.604169845581055	225.09884643554688
uninfected	0.8837076425552368	76.14643096923828	1.7366710901260376	94.13867950439453	31.43079948425293
uninfected	0.86942058801651	63.03841018676758	229.17837524414062	78.6008529663086	249.27919006347656
uninfected	0.8086840510368347	95.88878631591797	58.86970901489258	114.1938247680664	83.8870849609375
uninfected	0.7804604768753052	62.57426071166992	84.65767669677734	77.56623077392578	112.53177642822266
uninfected	0.7768001556396484	22.258508682250977	97.02906799316406	39.728302001953125	116.76703643798828
uninfected	0.6302633285522461	43.04176712036133	110.07025146484375	60.3790397644043	133.88392639160156
uninfected	0.5394225120544434	51.35372543334961	89.3580093383789	63.95759201049805	104.79862976074219
uninfected	0.48738303780555725	31.950740814208984	23.87166404724121	46.708534240722656	48.62997055053711
uninfected	0.4815261960029602	224.39450073242188	195.59410095214844	243.02232360839844	213.95803833007812
uninfected	0.47536247968673706	83.00466918945312	5.838409423828125	103.02561950683594	37.65656280517578
uninfected	0.45071175694465637	0.6760638356208801	216.13023376464844	15.483063697814941	241.8475341796875
uninfected	0.44681814312934875	85.8446273803711	33.55002975463867	104.1694107055664	62.96517562866211
uninfected	0.2875935435295105	91.25343322753906	108.82122802734375	106.83915710449219	126.97860717773438
uninfected	0.11999727040529251	78.12348175048828	64.36709594726562	97.93572998046875	90.14160919189453
uninfected	0.1174575462937355	242.29013061523438	178.55381774902344	255.5609130859375	207.4461669921875
uninfected	0.0865153819322586	65.25929260253906	65.78422546386719	81.30204010009766	85.66996002197266
uninfected	0.08148765563964844	109.86424255371094	91.88552856445312	128.4369354248047	124.3734359741211
uninfected	0.07362142205238342	107.41835021972656	106.4937973022461	121.97592163085938	135.22605895996094
uninfected	0.06218061223626137	22.255451202392578	45.29441833496094	42.72364044189453	70.58599853515625
