uninfected	0.9981464147567749	89.48567962646484	5.382308006286621	107.50941467285156	29.23807144165039
uninfected	0.9979442954063416	68.46207427978516	64.47235870361328	83.44888305664062	88.10393524169922
uninfected	0.9979363679885864	23.11511993408203	159.39419555664062	41.35074234008789	182.58837890625
uninfected	0.9975928664207458	49.30844497680664	187.46316528320312	65.96761322021484	213.38839721679688
uninfected	0.9973631501197815	80.86479949951172	65.29216766357422	98.06816101074219	87.89501953125
uninfected	0.9969131946563721	25.979372024536133	182.50924682617188	42.83153533935547	205.97799682617188
uninfected	0.9961918592453003	25.478240966796875	137.8614044189453	41.56088638305664	158.75900268554688
uninfected	0.9950129389762878	50.72747802734375	58.70951843261719	67.33661651611328	85.92417907714844
uninfected	0.994858980178833	111.29037475585938	188.7652130126953	130.59344482421875	207.9077911376953
uninfected	0.9943114519119263	39.31391525268555	78.61827087402344	59.3131217956543	101.87371826171875
uninfected	0.9933508038520813	126.28840637207031	142.19602966308594	143.51504516601562	166.85052490234375
uninfected	0.990190863609314	30.985441207885742	200.1759490966797	50.17760467529297	224.7504119873047
uninfected	0.9886934161186218	99.17976379394531	178.3924560546875	115.53888702392578	203.41213989257812
uninfected	0.9855324625968933	39.82695770263672	176.3683624267578	57.27442932128906	198.73292541503906
uninfected	0.9853992462158203	95.0319595336914	219.6492156982422	113.83609771728516	242.56187438964844
uninfected	0.9837546944618225	84.10895538330078	177.34776306152344	100.6432876586914	205.64007568359375
uninfected	0.9825950860977173	73.05980682373047	187.6218719482422	91.47061920166016	212.5300750732422
uninfected	0.9781758189201355	120.94904327392578	66.23030090332031	138.6162872314453	89.95050811767578
uninfected	0.9778423309326172	57.17868423461914	162.5578155517578	74.98777770996094	185.9989471435547
uninfected	0.9745354056358337	118.52171325683594	14.976554870605469	138.71546936035156	34.0201301574707
uninfected	0.9741587042808533	43.96841049194336	214.56800842285156	60.06688690185547	243.0479278564453
uninfected	0.9731181263923645	29.941572189331055	98.31119537353516	48.96046447753906	120.30746459960938
uninfected	0.9679738879203796	61.43056869506836	204.77337646484375	78.62557220458984	226.41603088378906
uninfected	0.9670546054840088	138.081787109375	61.983402252197266	152.73513793945312	86.65213012695312
uninfected	0.956618070602417	65.9927978515625	177.7322235107422	83.78347778320312	206.3377685546875
uninfected	0.9482183456420898	127.89810180664062	93.80421447753906	145.38172912597656	116.1791000366211
uninfected	0.9354092478752136	79.34140014648438	44.20512771606445	99.30768585205078	66.5040512084961
uninfected	0.9347748756408691	55.5341682434082	226.79013061523438	68.77435302734375	251.6075897216797
uninfected	0.9120137095451355	62.4572868347168	45.38390350341797	78.11397552490234	65.58739471435547
uninfected	0.9080880880355835	116.26056671142578	167.79498291015625	137.48809814453125	190.45887756347656
uninfected	0.8996333479881287	68.70204162597656	213.52227783203125	83.61085510253906	245.80477905273438
uninfected	0.8690884113311768	80.21878051757812	221.6814727783203	95.57028198242188	246.86448669433594
uninfected	0.8513106107711792	97.47525024414062	51.32167053222656	113.13211059570312	77.15696716308594
uninfected	0.8404850959777832	106.01807403564453	56.33479309082031	122.96315002441406	85.29430389404297
uninfected	0.8356142640113831	101.67056274414062	203.04896545410156	123.44448852539062	221.59158325195312
uninfected	0.832791805267334	84.41275024414062	206.79969787597656	101.24832153320312	227.9515838623047
uninfected	0.8166478276252747	138.87045288085938	119.34001922607422	153.68185424804688	142.44052124023438
infected	0.7958933711051941	87.54020690917969	79.8153076171875	110.70159149169922	107.24261474609375
uninfected	0.7873280644416809	100.13320922851562	102.29566955566406	118.44088745117188	125.9167251586914
uninfected	0.7511780261993408	131.6390838623047	39.319236755371094	147.87942504882812	67.21660614013672
uninfected	0.7163975238800049	105.88630676269531	5.2438225746154785	123.40230560302734	24.59025001525879
uninfected	0.7128998637199402	132.19493103027344	109.86265563964844	149.3886260986328	138.08897399902344
uninfected	0.7126693725585938	105.47976684570312	162.86984252929688	129.39779663085938	185.64398193359375
uninfected	0.5913648009300232	94.6806411743164	21.76903533935547	119.46285247802734	49.27888488769531
uninfected	0.417156845331192	115.42583465576172	35.56475830078125	134.77342224121094	59.29177474975586
uninfected	0.3127706050872803	60.289085388183594	146.87115478515625	79.94277954101562	168.289794921875
uninfected	0.2989826798439026	110.97207641601562	48.262840270996094	132.44674682617188	68.05740356445312
uninfected	0.19441452622413635	113.64388275146484	102.67816925048828	132.23158264160156	129.908447265625
uninfected	0.06521014869213104	60.06328582763672	85.79499053955078	77.5237808227539	107.66413116455078
