uninfected	0.9976328611373901	30.198871612548828	126.9665756225586	49.95668411254883	152.47296142578125
uninfected	0.9975107908248901	10.214972496032715	88.05937194824219	28.463275909423828	112.98546600341797
uninfected	0.9975019097328186	139.51712036132812	110.35285949707031	156.42237854003906	134.7784423828125
uninfected	0.9974143505096436	217.51939392089844	106.19657135009766	235.362548828125	132.246337890625
uninfected	0.9973921775817871	67.77153015136719	117.9511489868164	85.77079010009766	146.48948669433594
uninfected	0.997118353843689	82.43097686767578	111.48575592041016	101.53435516357422	136.83921813964844
uninfected	0.996948778629303	15.386552810668945	112.43185424804688	33.78379821777344	136.56893920898438
uninfected	0.9942561984062195	29.248823165893555	151.73353576660156	48.29044723510742	180.52542114257812
uninfected	0.9937664270401001	42.19755935668945	171.39134216308594	63.49205780029297	196.21493530273438
uninfected	0.9937540888786316	166.3070831298828	198.22427368164062	185.1234588623047	222.37864685058594
uninfected	0.9937227368354797	39.88156509399414	196.2335662841797	57.66779708862305	224.5382537841797
uninfected	0.9936204552650452	50.51973342895508	125.20122528076172	69.80535125732422	150.1547088623047
uninfected	0.9932768940925598	166.90097045898438	220.68785095214844	185.1640625	247.6933135986328
uninfected	0.9932437539100647	28.366943359375	99.48294830322266	45.723670959472656	126.55850982666016
uninfected	0.9928399324417114	135.3869171142578	165.03662109375	154.49993896484375	191.56048583984375
uninfected	0.9923039078712463	141.73892211914062	212.62847900390625	160.92706298828125	238.34523010253906
uninfected	0.9919611811637878	198.7592315673828	117.97089385986328	219.57704162597656	143.202880859375
uninfected	0.9903554916381836	115.45083618164062	94.73017120361328	136.4882049560547	122.35171508789062
uninfected	0.9903102517127991	176.16213989257812	54.90391540527344	195.66233825683594	82.10945892333984
uninfected	0.9881096482276917	119.32530212402344	163.43878173828125	136.92147827148438	191.1425323486328
uninfected	0.9869258403778076	153.98605346679688	158.7138214111328	170.90628051757812	185.90240478515625
uninfected	0.9862613081932068	131.04737854003906	187.2633819580078	149.4084014892578	212.302001953125
uninfected	0.9854975342750549	224.55923461914062	13.015836715698242	244.29876708984375	37.380821228027344
uninfected	0.9838482737541199	209.11119079589844	40.072021484375	226.30653381347656	72.13986206054688
uninfected	0.9822272658348083	106.2012939453125	172.7152557373047	123.56412506103516	198.51931762695312
uninfected	0.9820725321769714	206.19485473632812	71.41905212402344	224.93067932128906	96.53313446044922
uninfected	0.9799647331237793	145.05078125	75.74776458740234	161.71990966796875	104.2791976928711
uninfected	0.9790648221969604	127.57882690429688	119.8001708984375	144.52374267578125	145.97386169433594
uninfected	0.9788181781768799	85.51325225830078	150.31103515625	105.15106201171875	174.09034729003906
uninfected	0.9783526659011841	194.55722045898438	29.5566349029541	210.90960693359375	53.29739761352539
uninfected	0.9779492616653442	103.53777313232422	150.10183715820312	123.45726013183594	175.01841735839844
uninfected	0.9775168895721436	131.08009338378906	84.26339721679688	148.14633178710938	111.42237854003906
uninfected	0.9774607419967651	187.28912353515625	202.43658447265625	205.84591674804688	223.9955596923828
uninfected	0.9773930907249451	234.9770965576172	202.83834838867188	254.09237670898438	228.4403076171875
uninfected	0.9760848879814148	195.1614532470703	51.30476379394531	213.5470428466797	79.83235931396484
uninfected	0.9704274535179138	184.0493927001953	225.31008911132812	203.00106811523438	248.8460693359375
uninfected	0.968593418598175	50.77973556518555	100.60279846191406	71.61481475830078	121.99283599853516
uninfected	0.9608021378517151	152.66993713378906	96.05245971679688	170.03057861328125	121.76396179199219
uninfected	0.9582828879356384	202.4784698486328	94.35152435302734	221.3544464111328	119.6064224243164
uninfected	0.9482888579368591	44.280052185058594	109.10842895507812	58.70349884033203	132.46958923339844
uninfected	0.9442692995071411	223.2653045654297	65.17210388183594	241.6678009033203	90.40267181396484
uninfected	0.9428368210792542	209.02496337890625	15.136672973632812	226.12705993652344	41.97224044799805
uninfected	0.941997766494751	222.78265380859375	36.36796188354492	243.0302734375	63.64447784423828
uninfected	0.9362916946411133	124.751953125	142.3754425048828	143.36126708984375	169.09640502929688
uninfected	0.9219560623168945	220.48336791992188	209.78277587890625	239.9026641845703	238.12933349609375
uninfected	0.9051544666290283	146.70628356933594	129.52346801757812	164.53712463378906	158.4267120361328
uninfected	0.8814122080802917	139.87149047851562	137.80606079101562	158.87266540527344	167.31173706054688
uninfected	0.8457733988761902	101.29045867919922	107.54081726074219	123.44612121582031	135.49818420410156
uninfected	0.8377574682235718	198.13499450683594	217.6515350341797	219.2890167236328	242.81954956054688
uninfected	0.8187697529792786	163.17483520507812	74.79261779785156	182.29397583007812	100.22169494628906
uninfected	0.8055430054664612	56.13556671142578	209.12908935546875	78.31303405761719	231.04537963867188
uninfected	0.7978885769844055	113.96952819824219	189.8498992919922	133.64517211914062	218.08154296875
uninfected	0.7627895474433899	187.94078063964844	169.47293090820312	207.92047119140625	192.81402587890625
infected	0.7129276394844055	178.29505920410156	80.8885269165039	198.9701690673828	109.86144256591797
uninfected	0.6562597155570984	226.73313903808594	118.1965103149414	244.84051513671875	141.89736938476562
uninfected	0.6500613689422607	119.73695373535156	212.88352966308594	140.79298400878906	236.40087890625
uninfected	0.6476185321807861	177.75355529785156	79.79466247558594	199.212890625	109.78365325927734
infected	0.6443911790847778	115.16444396972656	189.98255920410156	133.9669189453125	217.21278381347656
uninfected	0.6384081840515137	208.22035217285156	168.76370239257812	227.57342529296875	190.86866760253906
uninfected	0.633061945438385	89.62176513671875	169.93902587890625	108.35092163085938	194.39508056640625
uninfected	0.5908075571060181	220.62391662597656	87.93440246582031	239.02337646484375	109.68600463867188
uninfected	0.5641999244689941	126.20221710205078	231.20867919921875	149.10374450683594	252.4239959716797
uninfected	0.545569658279419	233.0365447998047	183.9348602294922	253.50021362304688	204.37095642089844
uninfected	0.5244060158729553	66.94132995605469	145.00086975097656	87.0999526977539	167.2799530029297
uninfected	0.40763354301452637	161.79733276367188	175.76185607910156	184.73968505859375	201.23912048339844
uninfected	0.2783898711204529	185.5994110107422	104.13445281982422	204.4031524658203	130.21966552734375
infected	0.2476218342781067	9.451467514038086	202.01315307617188	31.236013412475586	222.58531188964844
uninfected	0.21055471897125244	170.7887420654297	162.62997436523438	194.04737854003906	184.6157989501953
uninfected	0.2077232450246811	114.01298522949219	125.73519134521484	130.55137634277344	152.24468994140625
uninfected	0.18381643295288086	55.05982971191406	229.99081420898438	75.60103607177734	251.84335327148438
uninfected	0.11148589849472046	45.05860137939453	146.7672576904297	68.70793914794922	169.89425659179688
uninfected	0.10591418296098709	175.22262573242188	145.92955017089844	194.32907104492188	166.28782653808594
uninfected	0.09958986192941666	194.21542358398438	81.47181701660156	212.4186248779297	104.3266372680664
uninfected	0.09586270898580551	107.63439178466797	218.3460693359375	125.41097259521484	240.95599365234375
