uninfected	0.9996637105941772	139.2434844970703	66.50911712646484	156.04776000976562	90.36095428466797
uninfected	0.9996020197868347	111.06617736816406	72.2400894165039	127.89735412597656	93.1359634399414
uninfected	0.9995030164718628	148.22618103027344	99.66184997558594	167.3397216796875	124.04064178466797
uninfected	0.9994542002677917	107.9142074584961	162.51889038085938	125.40155029296875	185.63462829589844
uninfected	0.9993964433670044	199.4140167236328	79.78736877441406	217.83506774902344	103.00801849365234
uninfected	0.9993878602981567	88.8433609008789	26.757822036743164	105.22091674804688	51.33108901977539
uninfected	0.9992749094963074	8.460522651672363	116.7004165649414	25.435781478881836	139.8344268798828
uninfected	0.9992479681968689	213.66053771972656	174.96144104003906	231.3719024658203	198.8291778564453
uninfected	0.9992427825927734	110.0243148803711	52.00346374511719	127.58820343017578	74.46098327636719
uninfected	0.9991921782493591	135.1586456298828	138.53341674804688	153.66119384765625	162.50146484375
uninfected	0.9991732239723206	217.0699920654297	110.10576629638672	235.3141326904297	134.479248046875
uninfected	0.9991449117660522	87.13230895996094	202.16009521484375	104.26895141601562	225.08900451660156
uninfected	0.9989506006240845	56.88438415527344	143.8487091064453	76.68964385986328	168.38343811035156
uninfected	0.9988821148872375	52.131893157958984	218.09800720214844	71.04875946044922	244.02374267578125
uninfected	0.9988195300102234	86.34600067138672	50.583988189697266	102.26469421386719	72.9594955444336
uninfected	0.9988126754760742	121.89981079101562	147.00152587890625	138.60507202148438	172.72251892089844
uninfected	0.9986956715583801	138.5909881591797	214.4229278564453	155.8100128173828	239.74334716796875
uninfected	0.9986867308616638	196.67193603515625	37.38433837890625	213.53797912597656	61.58758544921875
uninfected	0.998507559299469	55.97904968261719	65.64927673339844	74.03980255126953	88.77521514892578
uninfected	0.9983729124069214	86.22146606445312	68.93793487548828	105.0799560546875	90.67012786865234
uninfected	0.9981774091720581	88.41878509521484	173.28811645507812	106.40523529052734	192.57257080078125
uninfected	0.9980308413505554	44.595550537109375	45.15263748168945	64.20777893066406	70.30313110351562
uninfected	0.9979031085968018	225.50204467773438	4.631127834320068	242.6312255859375	30.909963607788086
uninfected	0.9975574016571045	165.78253173828125	151.2458953857422	182.3855438232422	173.6340789794922
uninfected	0.9971350431442261	230.18861389160156	165.43214416503906	251.1653289794922	190.81300354003906
uninfected	0.9970587491989136	204.23948669433594	43.12610626220703	222.46542358398438	66.59624481201172
uninfected	0.9970171451568604	43.80006408691406	12.72163200378418	62.09387969970703	35.54545974731445
uninfected	0.9968838095664978	181.44960021972656	144.4803924560547	201.03077697753906	169.40028381347656
uninfected	0.9968079924583435	32.814491271972656	120.41624450683594	52.55933380126953	146.91693115234375
uninfected	0.9965664148330688	133.79342651367188	196.529052734375	153.5411376953125	217.11959838867188
uninfected	0.9965007305145264	109.95006561279297	126.13734436035156	128.57830810546875	151.0885467529297
uninfected	0.9962399005889893	75.76192474365234	182.2498321533203	93.38651275634766	208.27346801757812
uninfected	0.9959933757781982	203.60731506347656	229.65719604492188	223.55770874023438	254.63783264160156
uninfected	0.9952103495597839	75.39221954345703	143.0701904296875	91.94636535644531	165.1901092529297
uninfected	0.9943903088569641	157.16021728515625	119.05664825439453	172.90834045410156	140.75904846191406
uninfected	0.9940813183784485	70.11382293701172	125.04630279541016	85.86604309082031	145.994140625
uninfected	0.994053065776825	153.0868377685547	22.382898330688477	166.73292541503906	40.6787223815918
uninfected	0.9917228817939758	51.73727798461914	119.07259368896484	65.77303314208984	141.86135864257812
uninfected	0.9912209510803223	162.30271911621094	133.94700622558594	182.54571533203125	155.0591278076172
uninfected	0.9901136159896851	146.7274932861328	3.613365411758423	163.3717041015625	25.917070388793945
uninfected	0.9862654805183411	41.66253662109375	77.79661560058594	56.1520881652832	106.98247528076172
uninfected	0.9840275049209595	93.61388397216797	225.40647888183594	114.59751892089844	250.74386596679688
uninfected	0.9838830828666687	225.033935546875	195.70074462890625	244.41346740722656	221.8817138671875
uninfected	0.9790059924125671	80.8314437866211	114.95914459228516	98.89573669433594	138.79421997070312
uninfected	0.9695795178413391	92.72586822509766	138.09373474121094	110.59461975097656	163.81016540527344
uninfected	0.8951993584632874	65.74359893798828	104.57456970214844	84.25806427001953	125.7333984375
uninfected	0.8212809562683105	172.94171142578125	47.37760543823242	187.79335021972656	68.49947357177734
uninfected	0.11218059062957764	96.85909271240234	120.47621154785156	114.56057739257812	140.7493133544922
infected	0.09006688743829727	65.91133880615234	104.29373168945312	84.26250457763672	125.81517028808594
