uninfected	0.9995920062065125	107.23829650878906	172.0515594482422	123.70536804199219	197.0934295654297
uninfected	0.9995661377906799	174.1331787109375	191.9420928955078	192.6087646484375	215.31712341308594
uninfected	0.9995555281639099	102.65966796875	197.35667419433594	119.95034790039062	221.00711059570312
uninfected	0.9994795918464661	49.54792022705078	52.756526947021484	67.92670440673828	77.35295104980469
uninfected	0.9992561936378479	79.49311065673828	3.2594103813171387	97.77424621582031	25.987655639648438
uninfected	0.9992523789405823	161.92274475097656	159.5252685546875	179.43728637695312	183.28250122070312
uninfected	0.9992169141769409	49.37507247924805	105.05351257324219	64.59597778320312	126.90794372558594
uninfected	0.9987905621528625	16.6568660736084	202.77679443359375	32.0388069152832	223.07046508789062
uninfected	0.9987146854400635	169.26808166503906	62.86344909667969	187.83995056152344	87.7205810546875
uninfected	0.9978439807891846	147.72373962402344	61.66401290893555	165.31263732910156	86.60725402832031
uninfected	0.997803270816803	67.34329986572266	32.07891845703125	87.2374496459961	60.418479919433594
uninfected	0.9973695278167725	233.17550659179688	24.47905921936035	253.0073699951172	50.72031021118164
uninfected	0.9972781538963318	88.86782836914062	27.345129013061523	106.7503890991211	56.78327178955078
uninfected	0.9972088932991028	70.62666320800781	57.46836853027344	87.61012268066406	81.57762145996094
uninfected	0.9969366788864136	143.40069580078125	147.2253875732422	161.76089477539062	170.50938415527344
uninfected	0.9968131184577942	210.40589904785156	190.57818603515625	227.57928466796875	215.52528381347656
uninfected	0.9962348341941833	214.75111389160156	130.73487854003906	231.7032928466797	153.50839233398438
uninfected	0.995848536491394	18.26984214782715	23.352331161499023	34.535072326660156	45.97676467895508
uninfected	0.9956825971603394	117.31844329833984	110.88956451416016	134.0882110595703	135.9216766357422
uninfected	0.9954657554626465	70.69664764404297	80.57367706298828	87.35774993896484	104.35875701904297
uninfected	0.9944095015525818	162.87332153320312	99.984619140625	180.59996032714844	126.50699615478516
uninfected	0.994217038154602	99.36524963378906	116.37226104736328	114.68876647949219	137.65701293945312
uninfected	0.9938448667526245	197.91358947753906	54.82923126220703	219.31182861328125	81.26811218261719
uninfected	0.9929724931716919	194.27786254882812	114.32599639892578	210.9612579345703	136.6692352294922
uninfected	0.991741418838501	191.10162353515625	95.63059997558594	206.13943481445312	119.14552307128906
uninfected	0.9917044639587402	226.15786743164062	102.74935913085938	243.66012573242188	130.3385772705078
uninfected	0.9911675453186035	194.402099609375	73.42253112792969	216.09881591796875	95.5932388305664
uninfected	0.9893275499343872	79.5123062133789	122.98629760742188	93.60452270507812	147.072021484375
uninfected	0.9838240146636963	185.1644287109375	142.5631561279297	203.2027130126953	166.559814453125
uninfected	0.9836477637290955	191.6495819091797	13.915669441223145	209.055908203125	43.98357009887695
uninfected	0.9831569790840149	118.61173248291016	129.76593017578125	136.58978271484375	149.3334503173828
uninfected	0.9773494601249695	197.74118041992188	232.17420959472656	211.0060272216797	249.70941162109375
uninfected	0.977283775806427	229.4369354248047	68.7475814819336	248.75244140625	96.6573486328125
uninfected	0.9758812785148621	206.5174560546875	5.70889139175415	225.00445556640625	39.167442321777344
uninfected	0.9714065194129944	152.5448455810547	39.31830978393555	171.10020446777344	64.4920883178711
infected	0.9635711908340454	105.82810974121094	101.56463623046875	126.94647216796875	127.08200073242188
infected	0.9624431133270264	206.98062133789062	87.4241943359375	226.7206573486328	119.82444763183594
infected	0.9329019784927368	15.826457023620605	49.86666488647461	32.44633483886719	84.56837463378906
uninfected	0.9293283820152283	52.385536193847656	157.88653564453125	68.51667785644531	178.99948120117188
uninfected	0.9160279035568237	71.97908020019531	114.09159851074219	88.09954833984375	135.0438690185547
uninfected	0.8799992799758911	225.8788299560547	142.95851135253906	238.94085693359375	163.47132873535156
uninfected	0.8733334541320801	101.15653991699219	31.45439910888672	115.67391967773438	65.39099884033203
uninfected	0.8708363175392151	231.8271026611328	127.75328063964844	244.70167541503906	149.5072479248047
uninfected	0.8627100586891174	181.54591369628906	25.983932495117188	196.92970275878906	52.65032196044922
uninfected	0.8132431507110596	73.0272216796875	155.90065002441406	92.90987396240234	180.91281127929688
uninfected	0.7887309789657593	232.732666015625	179.90005493164062	254.29165649414062	204.00344848632812
uninfected	0.7562060952186584	222.96932983398438	191.1195831298828	240.398193359375	215.18869018554688
uninfected	0.746342122554779	134.47789001464844	50.19134521484375	151.71640014648438	76.35272979736328
uninfected	0.7192469835281372	139.20944213867188	7.574463844299316	162.57191467285156	35.87594985961914
uninfected	0.6190707087516785	82.4892578125	197.34971618652344	94.41165924072266	217.0389404296875
infected	0.5226461291313171	80.74769592285156	177.4779052734375	102.37454986572266	200.3448944091797
uninfected	0.35025742650032043	82.01644134521484	177.97328186035156	101.92511749267578	199.62562561035156
uninfected	0.34780916571617126	207.5549774169922	117.9037094116211	226.15576171875	139.52618408203125
uninfected	0.3212723433971405	234.6326904296875	87.47811126708984	253.4325408935547	105.58580780029297
uninfected	0.27790141105651855	221.63543701171875	176.26307678222656	239.26095581054688	198.015625
uninfected	0.2767077088356018	15.860857009887695	65.30574798583984	32.109107971191406	87.92619323730469
uninfected	0.19410130381584167	122.50587463378906	1.2154382467269897	138.2655792236328	25.887182235717773
