uninfected	0.997572124004364	85.6986312866211	27.519750595092773	102.80765533447266	53.16755294799805
uninfected	0.9948155283927917	24.783700942993164	105.56547546386719	43.712120056152344	129.81898498535156
uninfected	0.9937242865562439	136.837890625	148.8364715576172	155.07435607910156	174.41030883789062
uninfected	0.992529571056366	187.21945190429688	4.783520221710205	206.55050659179688	28.68256378173828
uninfected	0.9923688769340515	98.4351577758789	10.783206939697266	116.92267608642578	37.285892486572266
uninfected	0.9915081262588501	149.78515625	130.93836975097656	167.74407958984375	157.49278259277344
uninfected	0.9881410598754883	169.13638305664062	3.1138219833374023	187.36767578125	31.40378761291504
uninfected	0.9872552156448364	48.45734786987305	137.0363311767578	70.01447296142578	162.2919464111328
uninfected	0.9866952896118164	32.75419235229492	129.2289276123047	51.09944152832031	153.91334533691406
uninfected	0.9861848950386047	129.34544372558594	117.228271484375	148.14320373535156	140.32481384277344
uninfected	0.9791716933250427	107.37979888916016	60.72163772583008	125.8627700805664	88.7159194946289
uninfected	0.9747397303581238	209.05960083007812	57.628543853759766	232.50018310546875	84.50001525878906
uninfected	0.972047746181488	217.67584228515625	92.51311492919922	236.3422393798828	115.51350402832031
uninfected	0.9679220914840698	66.83544921875	223.529296875	88.43585968017578	247.08425903320312
uninfected	0.9657301306724548	130.6410675048828	4.179450511932373	150.987548828125	30.71615982055664
uninfected	0.9654616713523865	195.9810333251953	25.049448013305664	214.43701171875	51.91673278808594
uninfected	0.9474366903305054	160.18336486816406	121.4002685546875	180.95468139648438	142.43019104003906
uninfected	0.9460991621017456	136.54855346679688	23.94109344482422	157.33233642578125	50.13572311401367
uninfected	0.9444699287414551	217.82659912109375	71.32185363769531	238.21807861328125	95.76248168945312
uninfected	0.9416272640228271	130.4302520751953	97.20027160644531	146.80484008789062	121.56792449951172
uninfected	0.9409050345420837	107.6761703491211	217.46868896484375	129.60694885253906	237.33688354492188
uninfected	0.939487099647522	64.4429931640625	202.50624084472656	87.88232421875	225.83370971679688
uninfected	0.9277713298797607	202.8114013671875	88.35755920410156	220.1358184814453	118.6833724975586
uninfected	0.9249606728553772	157.7412109375	18.575693130493164	173.1971893310547	44.44880294799805
uninfected	0.9179350137710571	33.63580322265625	191.37110900878906	54.30141830444336	215.87469482421875
uninfected	0.9058937430381775	147.0991668701172	107.10261535644531	163.83091735839844	131.136474609375
uninfected	0.8915886282920837	15.438459396362305	176.09945678710938	34.89924621582031	199.48773193359375
uninfected	0.8878971338272095	92.12696075439453	207.6116485595703	115.04898834228516	232.38192749023438
infected	0.8875406384468079	107.12571716308594	86.36737823486328	131.5974578857422	115.3529052734375
uninfected	0.8862359523773193	107.34104919433594	144.42149353027344	133.2060089111328	171.22857666015625
uninfected	0.8817870020866394	97.75694274902344	134.28262329101562	114.26414489746094	161.88670349121094
uninfected	0.8618596792221069	181.9404296875	27.265647888183594	199.0947265625	52.60177993774414
uninfected	0.8602478504180908	16.36894416809082	131.25030517578125	33.74681091308594	157.8385467529297
infected	0.8556885719299316	116.73761749267578	17.27214813232422	135.01077270507812	46.61484909057617
uninfected	0.84902423620224	115.11554718017578	163.0389404296875	138.42222595214844	183.53909301757812
uninfected	0.8439317345619202	110.54537200927734	177.6400604248047	131.9342803955078	201.41067504882812
uninfected	0.7906120419502258	200.4385528564453	47.10456466674805	219.9850311279297	75.12411499023438
uninfected	0.7813475728034973	29.061080932617188	211.8666229248047	48.55078887939453	238.52896118164062
uninfected	0.7766750454902649	119.9876937866211	73.56291198730469	138.35708618164062	98.32217407226562
uninfected	0.7477267980575562	109.65546417236328	42.32489013671875	125.37979888916016	62.611785888671875
uninfected	0.7308923602104187	162.6372528076172	34.26750564575195	182.33741760253906	59.33690643310547
infected	0.7307957410812378	123.5090560913086	43.80086898803711	148.043701171875	76.371826171875
uninfected	0.7169854640960693	187.03610229492188	89.47917938232422	204.22352600097656	121.84124755859375
uninfected	0.7133821845054626	80.50533294677734	150.890869140625	102.6405029296875	172.4608612060547
uninfected	0.7028816938400269	187.61538696289062	49.146121978759766	206.0528106689453	74.43582916259766
uninfected	0.7009828090667725	15.770771026611328	210.22000122070312	33.023475646972656	233.5224151611328
uninfected	0.6526862382888794	172.88851928710938	96.7162094116211	188.5742950439453	123.71591186523438
uninfected	0.616759181022644	171.76644897460938	56.49477005004883	189.82261657714844	83.02165222167969
uninfected	0.6120901703834534	95.06739807128906	189.41029357910156	115.91417694091797	210.52252197265625
infected	0.5955376625061035	40.42168045043945	221.28829956054688	59.55020523071289	244.6309051513672
uninfected	0.5805434584617615	44.91510772705078	107.1368408203125	59.696590423583984	125.78944396972656
uninfected	0.5460233688354492	182.0231475830078	74.48902130126953	203.2795867919922	98.77759552001953
uninfected	0.5025708675384521	1.765834927558899	78.55261993408203	22.5892333984375	106.90824890136719
uninfected	0.46530112624168396	144.47984313964844	47.60851287841797	163.2317657470703	72.29830932617188
uninfected	0.4532777667045593	6.716136932373047	193.03689575195312	22.282434463500977	221.15396118164062
uninfected	0.41270720958709717	3.493908643722534	156.12466430664062	25.615262985229492	177.90576171875
uninfected	0.39764708280563354	43.564537048339844	174.51251220703125	60.43231964111328	201.678955078125
uninfected	0.39025095105171204	160.41995239257812	62.22205352783203	175.90850830078125	91.39671325683594
uninfected	0.37270450592041016	85.48060607910156	168.1685333251953	104.42841339111328	196.66212463378906
uninfected	0.31610196828842163	34.22731399536133	151.93736267089844	52.98524475097656	179.85296630859375
uninfected	0.2946784198284149	107.93199157714844	87.15245819091797	131.00852966308594	115.11161804199219
uninfected	0.19868403673171997	31.360517501831055	0.13733763992786407	50.93177795410156	26.192079544067383
uninfected	0.16855955123901367	157.33946228027344	92.58110046386719	175.5665740966797	121.96524047851562
uninfected	0.16099877655506134	124.49173736572266	43.31588363647461	148.77114868164062	75.70301055908203
uninfected	0.13514737784862518	58.25797653198242	190.43646240234375	81.5611343383789	210.75990295410156
uninfected	0.1321786493062973	73.74397277832031	162.2427520751953	91.99944305419922	204.0460662841797
uninfected	0.1072101816534996	40.29998779296875	221.51988220214844	59.760799407958984	245.28253173828125
uninfected	0.10142040252685547	137.54495239257812	73.12671661376953	153.98391723632812	100.73388671875
uninfected	0.05820275843143463	204.29527282714844	49.93083572387695	226.81553649902344	82.29814147949219
