uninfected	0.9995424747467041	185.83168029785156	145.2487030029297	201.62635803222656	171.57467651367188
uninfected	0.9995224475860596	174.42459106445312	176.26522827148438	190.7250518798828	199.94566345214844
uninfected	0.9993414282798767	123.8075942993164	206.756591796875	141.14895629882812	231.4713592529297
uninfected	0.9992691874504089	48.479026794433594	210.18307495117188	65.22786712646484	233.84765625
uninfected	0.9992263317108154	20.34341812133789	186.89208984375	37.97809600830078	208.88758850097656
uninfected	0.9991870522499084	111.09913635253906	124.06002807617188	129.20433044433594	150.26356506347656
uninfected	0.9990216493606567	62.81818389892578	173.3454132080078	77.69471740722656	194.48419189453125
uninfected	0.9989826083183289	186.66741943359375	24.21076774597168	203.76307678222656	48.87275314331055
uninfected	0.998977780342102	82.44721221923828	70.25187683105469	101.0055160522461	97.12431335449219
uninfected	0.9989091157913208	204.38841247558594	130.92333984375	223.46115112304688	154.4782257080078
uninfected	0.9986771941184998	55.82448959350586	61.51914978027344	74.41437530517578	87.02008819580078
uninfected	0.9986546039581299	83.3191909790039	154.06961059570312	100.57869720458984	182.11575317382812
uninfected	0.9986396431922913	225.3148651123047	117.64137268066406	243.779541015625	142.80389404296875
uninfected	0.9986226558685303	105.9535903930664	6.242824554443359	124.05316162109375	31.545507431030273
uninfected	0.9984857439994812	16.684049606323242	117.76325988769531	33.692047119140625	145.38011169433594
uninfected	0.9984388947486877	13.714669227600098	145.43458557128906	31.74471664428711	169.3483428955078
uninfected	0.998430073261261	176.57675170898438	8.329754829406738	195.53515625	32.54713821411133
uninfected	0.9984222650527954	126.63356018066406	11.1824312210083	145.32467651367188	37.6153450012207
uninfected	0.9984118938446045	44.8499641418457	123.13725280761719	62.997894287109375	148.15467834472656
uninfected	0.9983305335044861	127.78038024902344	184.55270385742188	147.354736328125	210.3517303466797
uninfected	0.9982808828353882	94.78456115722656	174.74151611328125	111.78715515136719	199.83721923828125
uninfected	0.9980118274688721	92.07839965820312	196.0111083984375	110.07364654541016	219.37486267089844
uninfected	0.9979606866836548	51.38954162597656	88.69794464111328	68.7799301147461	115.67335510253906
uninfected	0.9975951313972473	61.92817306518555	149.37539672851562	78.34144592285156	175.2472381591797
uninfected	0.9974818825721741	141.3678436279297	83.6468734741211	156.5018768310547	108.90187072753906
uninfected	0.9969634413719177	1.9435442686080933	220.2350311279297	20.719585418701172	245.74038696289062
uninfected	0.9965243935585022	22.092138290405273	71.46564483642578	40.601932525634766	96.47406005859375
uninfected	0.9959849119186401	37.98098373413086	54.77336883544922	53.59539031982422	86.57575225830078
uninfected	0.9958361387252808	144.649658203125	103.93268585205078	164.92138671875	125.72405242919922
uninfected	0.9953603148460388	232.6815643310547	224.63528442382812	252.21339416503906	249.59274291992188
uninfected	0.9948478937149048	137.2829132080078	121.08430480957031	154.3162384033203	147.6234893798828
uninfected	0.9942078590393066	113.79641723632812	221.95811462402344	129.61087036132812	252.4988250732422
uninfected	0.9941809773445129	70.454345703125	74.8584213256836	84.98896026611328	112.15751647949219
uninfected	0.9938889741897583	205.5782012939453	77.59748840332031	221.679443359375	101.98377990722656
uninfected	0.9933134913444519	155.6014862060547	90.22608184814453	172.80917358398438	111.188232421875
uninfected	0.9930978417396545	18.527896881103516	4.988587379455566	36.8587646484375	35.36066436767578
uninfected	0.9925406575202942	208.27256774902344	59.91881561279297	228.74066162109375	84.0614013671875
uninfected	0.9907784461975098	183.3206024169922	109.63066864013672	199.66876220703125	142.05718994140625
uninfected	0.9769919514656067	17.497251510620117	159.79969787597656	39.53788375854492	187.72927856445312
uninfected	0.9753002524375916	198.4978790283203	94.14786529541016	219.7206268310547	119.06099700927734
uninfected	0.9751195311546326	167.42123413085938	79.17076110839844	181.91770935058594	108.87789154052734
uninfected	0.9744869470596313	66.15230560302734	186.9474334716797	86.93817138671875	209.90814208984375
uninfected	0.9604160785675049	218.86016845703125	94.19379425048828	236.20274353027344	123.65873718261719
uninfected	0.9596508145332336	9.871719360351562	57.06571960449219	22.4215087890625	89.88941955566406
uninfected	0.9451639652252197	8.680471420288086	101.77188873291016	24.329208374023438	132.1145477294922
uninfected	0.9367706775665283	61.31082534790039	209.81356811523438	79.71490478515625	239.2787322998047
uninfected	0.9288200736045837	28.17339324951172	113.42585754394531	42.84485626220703	142.68215942382812
uninfected	0.8984493017196655	24.337406158447266	45.03748321533203	40.261024475097656	76.11836242675781
uninfected	0.8806889653205872	34.97113800048828	84.21379852294922	50.68824768066406	108.69480895996094
infected	0.8691712617874146	166.30337524414062	109.3422622680664	184.57020568847656	137.7057647705078
uninfected	0.8690052628517151	157.21246337890625	227.95755004882812	173.99668884277344	254.0657501220703
uninfected	0.8381915092468262	176.06576538085938	95.36376953125	190.7476348876953	122.76718139648438
uninfected	0.820469319820404	36.699432373046875	171.8540802001953	58.235145568847656	191.96763610839844
uninfected	0.7457325458526611	198.6898193359375	111.40351104736328	217.3734130859375	137.5706787109375
uninfected	0.45448750257492065	68.80850219726562	216.65972900390625	84.4073257446289	248.47386169433594
uninfected	0.3021475076675415	130.01890563964844	87.24533081054688	144.62744140625	122.63579559326172
uninfected	0.11551584303379059	167.30963134765625	108.82841491699219	184.54701232910156	137.1390380859375
uninfected	0.08656640350818634	22.4420108795166	54.592010498046875	40.30991744995117	89.28247833251953
infected	0.07439824938774109	170.10873413085938	101.5498046875	189.5825958251953	133.4628143310547
uninfected	0.06772501021623611	0.23760131001472473	42.65476608276367	11.140284538269043	75.93116760253906
