uninfected	0.9994199275970459	24.989076614379883	53.09019470214844	42.32793426513672	76.93594360351562
uninfected	0.9993791580200195	13.685102462768555	95.77742767333984	30.10865592956543	117.8409652709961
uninfected	0.9991676807403564	11.753297805786133	15.92053508758545	29.788780212402344	38.22687911987305
uninfected	0.9990684390068054	35.86149597167969	122.17159271240234	50.88289260864258	143.82452392578125
uninfected	0.9974045157432556	9.619585990905762	173.5546875	25.33148956298828	194.3688201904297
uninfected	0.9905014038085938	65.71830749511719	70.56904602050781	79.31788635253906	86.87419128417969
uninfected	0.9835365414619446	138.4275665283203	218.27699279785156	155.84478759765625	240.14125061035156
uninfected	0.9761288166046143	27.482521057128906	104.52742004394531	41.04825973510742	120.76654052734375
uninfected	0.971071720123291	66.91100311279297	40.91269302368164	79.4304428100586	57.9814338684082
uninfected	0.9416252374649048	23.189001083374023	204.89295959472656	36.296607971191406	224.6921844482422
uninfected	0.7764485478401184	131.78549194335938	201.9041748046875	150.90191650390625	223.72894287109375
uninfected	0.6332840919494629	33.03959274291992	165.3874053955078	45.551727294921875	183.78236389160156
uninfected	0.13624148070812225	187.6798858642578	233.1302032470703	206.0437774658203	251.9415740966797
