uninfected	0.9995567202568054	16.345279693603516	107.71076202392578	33.40364074707031	130.22662353515625
uninfected	0.9994959831237793	60.06345748901367	155.60289001464844	78.91002655029297	181.22747802734375
uninfected	0.999305248260498	38.43560791015625	28.369325637817383	54.22016906738281	50.89313888549805
uninfected	0.9992859959602356	96.18997955322266	108.35765075683594	113.21183013916016	132.2799835205078
uninfected	0.999204695224762	40.103118896484375	200.39532470703125	57.75364685058594	224.98211669921875
uninfected	0.9991810917854309	23.22539710998535	136.856201171875	39.73403549194336	160.17027282714844
uninfected	0.9985311031341553	173.5214385986328	137.17535400390625	191.54547119140625	161.13352966308594
uninfected	0.9981075525283813	194.5616912841797	83.0846176147461	209.57969665527344	107.66475677490234
uninfected	0.9980664849281311	0.9318255186080933	67.5157699584961	17.864177703857422	90.52165985107422
uninfected	0.9979190230369568	116.53353881835938	174.48117065429688	134.589599609375	198.96522521972656
uninfected	0.9978852868080139	183.88136291503906	179.6136474609375	199.7294464111328	201.2551727294922
uninfected	0.9978755712509155	178.99270629882812	207.9861602783203	197.47547912597656	229.64878845214844
uninfected	0.997868537902832	173.8561248779297	113.81746673583984	191.39859008789062	137.59608459472656
uninfected	0.9978052973747253	74.31144714355469	226.40496826171875	93.51012420654297	252.03407287597656
uninfected	0.997666597366333	30.85154151916504	88.99700164794922	45.83079147338867	108.99115753173828
uninfected	0.9975536465644836	133.12852478027344	178.19140625	150.87477111816406	201.9627227783203
uninfected	0.9974830746650696	31.569433212280273	65.70484161376953	50.12788009643555	88.11499786376953
uninfected	0.9973891377449036	90.75254821777344	68.10888671875	105.38170623779297	91.05902862548828
uninfected	0.9972467422485352	162.604248046875	197.7926483154297	180.97108459472656	222.80245971679688
uninfected	0.9966272711753845	82.6849594116211	82.22583770751953	98.0794677734375	105.11632537841797
uninfected	0.9965696334838867	105.8702621459961	224.6879119873047	123.4321517944336	252.20469665527344
uninfected	0.996458113193512	75.57393646240234	114.25363159179688	91.93646240234375	141.95590209960938
uninfected	0.9952942728996277	109.06548309326172	30.32258415222168	124.44114685058594	55.485389709472656
uninfected	0.9950709342956543	125.58419036865234	158.17300415039062	148.18775939941406	177.52566528320312
uninfected	0.9948828220367432	209.76803588867188	84.94014739990234	227.67222595214844	109.68641662597656
uninfected	0.9944990277290344	51.85601043701172	89.25094604492188	69.45240783691406	114.57660675048828
uninfected	0.9944139719009399	58.45500946044922	111.96817779541016	75.76124572753906	137.35560607910156
uninfected	0.9943846464157104	51.67852020263672	128.79525756835938	70.35653686523438	153.42633056640625
uninfected	0.9940521121025085	122.9931640625	201.8838653564453	142.21170043945312	227.3837127685547
uninfected	0.9932255148887634	216.56663513183594	64.05241394042969	236.6315155029297	90.44904327392578
uninfected	0.993003785610199	44.11191177368164	146.97811889648438	61.8053092956543	171.97230529785156
uninfected	0.9919922947883606	36.96498107910156	166.17176818847656	53.30147171020508	188.0648956298828
uninfected	0.9911413192749023	93.66255950927734	34.52688217163086	108.6058349609375	55.16897201538086
uninfected	0.9907604455947876	49.58860397338867	70.96527099609375	66.95418548583984	91.28076171875
uninfected	0.9896281957626343	83.06912231445312	27.610885620117188	96.5439224243164	52.84748077392578
uninfected	0.9891966581344604	147.60696411132812	229.5283203125	162.5959014892578	254.38780212402344
uninfected	0.989075779914856	105.17227935791016	86.9388656616211	119.41757202148438	104.91358947753906
uninfected	0.9883919358253479	226.1195526123047	51.95044708251953	248.0784149169922	77.38062286376953
uninfected	0.9831099510192871	154.44126892089844	214.445556640625	171.36376953125	237.4844207763672
uninfected	0.9803667664527893	117.67794799804688	216.66802978515625	137.1050567626953	244.2064971923828
uninfected	0.9803167581558228	201.26934814453125	49.583778381347656	219.2161407470703	72.61380767822266
uninfected	0.9712280035018921	85.3447036743164	140.99620056152344	102.44855499267578	160.86265563964844
uninfected	0.9616875052452087	176.30157470703125	57.035400390625	198.07981872558594	78.70137786865234
uninfected	0.9613502025604248	58.45235061645508	72.52262878417969	72.81481170654297	90.2500991821289
uninfected	0.958230197429657	41.0223274230957	104.9699478149414	54.60206604003906	122.63973236083984
uninfected	0.9563001990318298	90.10798645019531	48.44774627685547	108.36349487304688	70.86449432373047
uninfected	0.922736644744873	174.93511962890625	8.108072280883789	188.19171142578125	35.607948303222656
uninfected	0.9013004899024963	189.7206268310547	51.66790771484375	208.19921875	72.73771667480469
infected	0.5812801718711853	133.39463806152344	86.64234161376953	154.59869384765625	110.11796569824219
uninfected	0.3732907474040985	136.98631286621094	199.93557739257812	154.8056182861328	222.7373809814453
uninfected	0.22746339440345764	139.6017303466797	200.78216552734375	161.43223571777344	229.67727661132812
uninfected	0.19886040687561035	176.09945678710938	35.39341735839844	192.19366455078125	52.954872131347656
