uninfected	0.9975322484970093	170.64480590820312	65.58958435058594	186.8273468017578	92.12056732177734
uninfected	0.9972901344299316	88.24087524414062	16.575908660888672	104.28042602539062	43.385009765625
uninfected	0.9971081614494324	69.18740844726562	12.551506042480469	87.43433380126953	38.984458923339844
uninfected	0.9970935583114624	57.73659896850586	126.48784637451172	76.38745880126953	150.16134643554688
uninfected	0.9967408776283264	167.45448303222656	147.20042419433594	187.19796752929688	167.72171020507812
uninfected	0.9954381585121155	77.98080444335938	45.19302749633789	95.71646881103516	72.31121826171875
uninfected	0.9947681427001953	204.13624572753906	27.530101776123047	222.23898315429688	53.68610763549805
uninfected	0.9940418601036072	117.04772186279297	39.41048812866211	133.28770446777344	65.57479095458984
uninfected	0.9912492036819458	115.2745361328125	109.07219696044922	132.00123596191406	133.24542236328125
uninfected	0.9898562431335449	198.00694274902344	128.0526580810547	219.56968688964844	150.70970153808594
uninfected	0.9891836643218994	7.7529449462890625	218.84329223632812	26.030118942260742	242.59193420410156
uninfected	0.98781418800354	55.92457580566406	43.844085693359375	72.92241668701172	68.29497528076172
uninfected	0.9877370595932007	208.65234375	63.00752258300781	229.4949951171875	84.5516586303711
uninfected	0.9866520166397095	186.90188598632812	140.29656982421875	211.55625915527344	164.91073608398438
uninfected	0.9864831566810608	49.61827850341797	67.07952880859375	68.89743041992188	92.29974365234375
uninfected	0.9863163828849792	187.76327514648438	59.25331497192383	206.46897888183594	84.0292739868164
uninfected	0.9803604483604431	81.3302001953125	218.69329833984375	99.69532012939453	244.16485595703125
uninfected	0.9796274900436401	166.7034912109375	122.7831039428711	186.11380004882812	147.60382080078125
uninfected	0.9795176982879639	96.56804656982422	154.31900024414062	116.63777160644531	176.0257568359375
uninfected	0.978523850440979	76.26204681396484	174.9894256591797	99.12525177001953	198.0072021484375
uninfected	0.9778866767883301	207.32115173339844	82.8520278930664	226.57208251953125	109.54615020751953
uninfected	0.9748573899269104	66.1045150756836	63.7575569152832	84.02442169189453	90.36165618896484
uninfected	0.9715984463691711	104.03499603271484	175.33401489257812	126.09159851074219	198.24757385253906
uninfected	0.9713180661201477	83.53433227539062	194.9501190185547	101.4217758178711	217.94769287109375
uninfected	0.9689092636108398	137.96458435058594	57.480560302734375	154.93310546875	86.57679748535156
uninfected	0.9553408026695251	183.4374237060547	115.1176528930664	200.2118377685547	139.76235961914062
uninfected	0.9494155049324036	51.133514404296875	89.12322998046875	74.13651275634766	115.87428283691406
uninfected	0.9493089914321899	14.01193904876709	105.07859802246094	37.00714111328125	129.22483825683594
uninfected	0.9424259662628174	63.035980224609375	102.21449279785156	83.49107360839844	127.40279388427734
uninfected	0.9417853355407715	182.13015747070312	81.8282241821289	202.36984252929688	107.60671997070312
uninfected	0.9412949681282043	137.77481079101562	141.92047119140625	153.3509979248047	163.89385986328125
uninfected	0.9283023476600647	39.41028594970703	48.44612121582031	57.42037582397461	72.99356079101562
uninfected	0.9213555455207825	116.30111694335938	196.50906372070312	135.44960021972656	216.29042053222656
uninfected	0.9176114797592163	63.69515609741211	33.33452224731445	82.4633560180664	53.07246398925781
uninfected	0.8988592028617859	32.68653106689453	67.40556335449219	49.707767486572266	93.39049530029297
infected	0.8827661275863647	35.362606048583984	94.01598358154297	50.666297912597656	121.39363861083984
uninfected	0.8708745241165161	121.96550750732422	6.477142333984375	139.7657012939453	28.699769973754883
uninfected	0.8390331268310547	97.02090454101562	68.84391784667969	113.66004943847656	99.86436462402344
uninfected	0.8305394053459167	193.7829132080078	42.3378791809082	222.94532775878906	62.2426643371582
infected	0.8230982422828674	158.2954559326172	106.44658660888672	179.4661102294922	131.07418823242188
infected	0.820897102355957	108.89886474609375	136.27276611328125	130.24545288085938	161.57546997070312
uninfected	0.78730708360672	200.83541870117188	97.40603637695312	220.25819396972656	127.3929443359375
uninfected	0.735891580581665	147.94590759277344	228.55270385742188	166.52713012695312	252.3128662109375
uninfected	0.7184057235717773	20.93954849243164	81.85171508789062	39.5827751159668	108.91584014892578
uninfected	0.7078953385353088	41.77271270751953	114.11075592041016	61.31896209716797	139.43930053710938
uninfected	0.690361499786377	134.59791564941406	28.497289657592773	148.58250427246094	57.79423141479492
infected	0.6772427558898926	80.38584899902344	118.54559326171875	99.23196411132812	145.81077575683594
uninfected	0.548167884349823	109.5421142578125	59.82796859741211	126.83126068115234	90.08618927001953
uninfected	0.5436418652534485	111.54847717285156	222.31097412109375	132.53216552734375	241.0778045654297
uninfected	0.33702751994132996	158.25375366210938	105.69844818115234	180.67001342773438	130.99371337890625
uninfected	0.3072756230831146	171.2006378173828	92.7987060546875	195.36888122558594	117.52411651611328
uninfected	0.18697164952754974	80.35525512695312	117.47615051269531	99.7042236328125	145.6106414794922
uninfected	0.16411496698856354	108.27452850341797	135.3034210205078	131.00624084472656	162.17120361328125
infected	0.11895749717950821	21.817338943481445	83.52275848388672	42.93851089477539	112.83695983886719
infected	0.07130921632051468	109.10163879394531	60.07904052734375	127.30372619628906	90.63215637207031
infected	0.05804361775517464	41.34169006347656	113.93109130859375	61.9329948425293	139.85971069335938
