uninfected	0.9988055229187012	164.52621459960938	93.74522399902344	181.8415985107422	116.93596649169922
uninfected	0.998444139957428	82.1650390625	205.53668212890625	99.35134887695312	229.59242248535156
uninfected	0.9983037710189819	39.48763656616211	195.14697265625	55.73892593383789	216.87196350097656
uninfected	0.9980630278587341	98.76316833496094	148.7340850830078	117.81432342529297	169.0021514892578
uninfected	0.998036801815033	111.49288940429688	186.7189483642578	129.39952087402344	209.97125244140625
uninfected	0.9979670643806458	25.61248016357422	149.74696350097656	44.0740852355957	172.24978637695312
uninfected	0.9978668093681335	104.80498504638672	119.97142028808594	122.52400970458984	143.35479736328125
uninfected	0.9978378415107727	118.45002746582031	209.1290740966797	138.0443572998047	230.2589569091797
uninfected	0.9977661371231079	50.12420654296875	141.7335662841797	66.70925903320312	166.0094451904297
uninfected	0.9971731901168823	234.16050720214844	216.7963104248047	253.51760864257812	242.90701293945312
uninfected	0.9969511032104492	138.61358642578125	208.91629028320312	154.45144653320312	233.966796875
uninfected	0.9968546628952026	20.38794708251953	115.74433135986328	39.00830078125	138.71612548828125
uninfected	0.996787428855896	83.08223724365234	154.05072021484375	100.54266357421875	181.7992706298828
uninfected	0.9964279532432556	207.98446655273438	224.68487548828125	227.6117706298828	244.59280395507812
uninfected	0.996410071849823	13.58480167388916	187.8009796142578	29.78407859802246	209.57760620117188
uninfected	0.9962016940116882	75.0320816040039	229.67327880859375	91.9800796508789	252.44859313964844
uninfected	0.996056318283081	66.33100891113281	193.73904418945312	84.4305191040039	220.90806579589844
uninfected	0.99587482213974	67.14867401123047	100.7753677368164	84.02950286865234	123.45536804199219
uninfected	0.9958100318908691	57.69453048706055	163.5465850830078	76.67070007324219	185.56044006347656
uninfected	0.9951794147491455	96.54218292236328	101.24798583984375	115.71712493896484	123.7537841796875
uninfected	0.9939583539962769	158.47161865234375	226.67724609375	175.45912170410156	250.80067443847656
uninfected	0.9919376969337463	53.7714729309082	209.8461456298828	74.83257293701172	235.83642578125
uninfected	0.9918078780174255	124.13677215576172	229.84881591796875	142.56138610839844	250.7244873046875
uninfected	0.9908164739608765	14.961641311645508	225.32508850097656	32.226619720458984	249.4111785888672
uninfected	0.9885060787200928	37.55135726928711	69.14456939697266	54.34925842285156	91.13601684570312
uninfected	0.9882376790046692	36.83058547973633	102.96973419189453	59.812870025634766	125.26032257080078
uninfected	0.9878985285758972	66.2781753540039	144.01309204101562	83.53483581542969	167.11273193359375
uninfected	0.9876508116722107	106.89766693115234	217.23492431640625	124.86424255371094	244.03749084472656
uninfected	0.9869868159294128	52.335975646972656	19.937000274658203	68.93901062011719	41.25892639160156
uninfected	0.9836365580558777	233.89955139160156	38.31643295288086	251.43338012695312	63.7240104675293
uninfected	0.9803422093391418	49.08673858642578	121.12734985351562	68.94597625732422	140.884033203125
uninfected	0.8766359090805054	89.87911987304688	124.09978485107422	104.78265380859375	153.604736328125
infected	0.8022445440292358	70.5112533569336	123.59870147705078	89.69387817382812	149.09408569335938
uninfected	0.050753552466630936	53.907615661621094	183.44070434570312	67.42920684814453	199.68988037109375
