uninfected	0.999183714389801	125.43014526367188	208.77764892578125	140.79176330566406	228.1426544189453
uninfected	0.9979721903800964	33.41413879394531	98.20208740234375	50.896541595458984	120.7503890991211
uninfected	0.9971839785575867	28.809349060058594	128.84774780273438	42.47578430175781	149.89755249023438
uninfected	0.995223343372345	57.54971694946289	93.1295394897461	72.49418640136719	112.83563232421875
uninfected	0.9938309192657471	28.834779739379883	150.07119750976562	45.95744705200195	172.23226928710938
uninfected	0.9916332960128784	150.33226013183594	217.00692749023438	164.35079956054688	235.95068359375
uninfected	0.9914524555206299	31.50840187072754	185.2731475830078	46.89470672607422	205.47071838378906
uninfected	0.9911674857139587	4.009089946746826	124.48490142822266	19.3332462310791	143.42633056640625
uninfected	0.986566960811615	18.15573501586914	220.826416015625	38.51842498779297	241.6514129638672
uninfected	0.9846099615097046	107.49181365966797	230.92041015625	123.75119018554688	250.45098876953125
uninfected	0.8714097142219543	5.828349590301514	189.57415771484375	23.91635513305664	210.98146057128906
uninfected	0.6448485851287842	1.4702807664871216	226.48245239257812	17.162668228149414	247.13148498535156
