uninfected	0.9952762126922607	31.052391052246094	198.1713409423828	47.80612564086914	222.9623260498047
uninfected	0.9945670366287231	133.12680053710938	189.23922729492188	150.32501220703125	216.21188354492188
uninfected	0.9937716126441956	100.12149810791016	182.25656127929688	117.57636260986328	209.13800048828125
uninfected	0.9925857186317444	156.10922241210938	68.78386688232422	172.91624450683594	94.61997985839844
uninfected	0.9897856712341309	108.10400390625	221.7798614501953	124.38765716552734	246.8140411376953
uninfected	0.9793205261230469	143.62109375	132.24441528320312	160.33303833007812	159.60333251953125
uninfected	0.9767994284629822	14.384440422058105	86.30734252929688	33.731685638427734	113.38704681396484
uninfected	0.9709425568580627	232.49156188964844	217.16880798339844	250.7791290283203	244.91427612304688
uninfected	0.9692249298095703	126.86051177978516	126.43772888183594	144.3924102783203	153.73594665527344
uninfected	0.9465787410736084	138.88291931152344	61.258056640625	156.21469116210938	86.79197692871094
uninfected	0.9180524349212646	228.373046875	173.8563232421875	245.11776733398438	200.59495544433594
uninfected	0.8352305293083191	31.54835319519043	223.91726684570312	50.14961242675781	248.29920959472656
uninfected	0.7106010913848877	25.645769119262695	20.021474838256836	43.96200942993164	45.68418502807617
infected	0.4259288012981415	139.15966796875	60.961151123046875	156.55902099609375	86.53117370605469
infected	0.38831037282943726	228.69039916992188	174.27088928222656	244.74107360839844	200.35406494140625
