uninfected	0.9993057250976562	117.42545318603516	69.53512573242188	134.56295776367188	92.51341247558594
uninfected	0.9992666840553284	25.082056045532227	137.05711364746094	44.6185188293457	163.65869140625
uninfected	0.9990338087081909	123.75148010253906	116.12187957763672	142.43212890625	139.83233642578125
uninfected	0.9990060925483704	139.9110870361328	159.63803100585938	156.78997802734375	182.5265350341797
uninfected	0.9989187717437744	93.72576904296875	73.76625061035156	112.673095703125	98.44327545166016
uninfected	0.9989175796508789	93.96720123291016	48.27226638793945	115.02654266357422	71.16092681884766
uninfected	0.9987077713012695	37.921791076660156	32.4990348815918	57.088470458984375	58.144344329833984
uninfected	0.9983609318733215	163.05181884765625	187.7799530029297	181.3709259033203	213.74472045898438
uninfected	0.9982746839523315	25.405014038085938	196.6623077392578	44.65562057495117	221.2039031982422
uninfected	0.9982361793518066	192.8983612060547	76.16273498535156	210.5537109375	103.08134460449219
uninfected	0.9980637431144714	54.24209976196289	150.7753143310547	74.24413299560547	177.35142517089844
uninfected	0.9979324340820312	205.19314575195312	190.27798461914062	225.41419982910156	217.1752166748047
uninfected	0.9977760910987854	29.128742218017578	79.517578125	47.2641487121582	106.11109924316406
uninfected	0.997612714767456	193.20802307128906	121.5964584350586	211.6371307373047	146.6393280029297
uninfected	0.9972637891769409	51.430389404296875	12.225695610046387	71.2621841430664	38.35110855102539
uninfected	0.996912956237793	13.804667472839355	102.09446716308594	33.55665588378906	127.10411834716797
uninfected	0.9968971014022827	7.813511848449707	218.33010864257812	24.631914138793945	244.8553466796875
uninfected	0.9965470433235168	232.2581024169922	199.30642700195312	252.20724487304688	223.42677307128906
uninfected	0.9954368472099304	228.19581604003906	218.71090698242188	246.8291778564453	244.0128631591797
uninfected	0.9951685667037964	145.17025756835938	210.7518310546875	165.10800170898438	237.1278533935547
uninfected	0.9950842261314392	226.92442321777344	65.29811096191406	245.8197479248047	92.74332427978516
uninfected	0.9946672916412354	144.45460510253906	109.09130859375	165.15768432617188	135.68528747558594
uninfected	0.9933795928955078	57.843666076660156	43.283782958984375	76.67374420166016	72.26051330566406
uninfected	0.9928679466247559	8.175238609313965	85.53578186035156	26.06292152404785	110.22781372070312
uninfected	0.991963267326355	174.39244079589844	136.99581909179688	192.41900634765625	162.29681396484375
uninfected	0.9866612553596497	53.31534194946289	92.31836700439453	65.76217651367188	113.50836944580078
uninfected	0.9833993911743164	66.46587371826172	91.88932037353516	88.4697036743164	118.74195861816406
uninfected	0.9831764698028564	157.37184143066406	94.46958923339844	175.55767822265625	118.6952896118164
uninfected	0.982619047164917	90.44776153564453	19.02286148071289	107.70602416992188	45.309574127197266
uninfected	0.9800113439559937	200.02587890625	29.281225204467773	218.5445098876953	53.97178268432617
uninfected	0.9778240919113159	70.54280853271484	3.2936413288116455	90.01953125	25.88420295715332
uninfected	0.9716699123382568	70.95503997802734	20.838693618774414	91.6343994140625	46.12266540527344
uninfected	0.9620524644851685	186.61170959472656	9.620359420776367	202.955078125	38.81874465942383
uninfected	0.9614233374595642	156.18980407714844	128.29017639160156	174.67481994628906	151.6966552734375
uninfected	0.9605843424797058	104.37648010253906	196.0989990234375	124.2595443725586	220.607666015625
uninfected	0.9498766660690308	177.23345947265625	92.435546875	193.9485321044922	114.02742004394531
uninfected	0.9461677670478821	138.9088897705078	231.7918243408203	157.3377685546875	255.1753387451172
uninfected	0.9404715895652771	199.7420654296875	7.93632173538208	217.5546417236328	34.40361785888672
uninfected	0.9259142279624939	121.79015350341797	210.408935546875	142.94317626953125	233.63327026367188
uninfected	0.922884464263916	119.12667083740234	174.89356994628906	142.63153076171875	196.89805603027344
infected	0.9168803691864014	168.9808807373047	112.49261474609375	190.0755615234375	140.13430786132812
uninfected	0.8612232208251953	219.84811401367188	31.6203556060791	238.64010620117188	64.50177764892578
uninfected	0.8589567542076111	121.67508697509766	192.57107543945312	144.05697631835938	213.1822052001953
uninfected	0.6626483201980591	32.42564010620117	216.71646118164062	54.28832244873047	248.33946228027344
uninfected	0.6551763415336609	96.4395523071289	216.818603515625	123.83333587646484	240.54774475097656
uninfected	0.5424441695213318	233.03260803222656	28.14794921875	247.53738403320312	61.53498077392578
infected	0.4599820077419281	127.3381576538086	10.905872344970703	146.9161834716797	40.87400436401367
uninfected	0.4418862760066986	235.34567260742188	123.8493881225586	253.40814208984375	153.48208618164062
infected	0.1862782984972	32.80835723876953	218.0924530029297	54.37313461303711	248.43296813964844
uninfected	0.14596715569496155	127.57984161376953	10.78066635131836	146.57102966308594	40.51230239868164
uninfected	0.08771049231290817	168.3665008544922	111.6246566772461	190.62677001953125	140.90492248535156
uninfected	0.051557756960392	106.4149398803711	232.17214965820312	127.82733917236328	255.800537109375
