uninfected	0.9990278482437134	159.3639373779297	62.84035873413086	177.8407745361328	86.57546997070312
uninfected	0.9986973404884338	128.7661895751953	48.12665939331055	147.58363342285156	72.76481628417969
uninfected	0.9984625577926636	222.11138916015625	78.33384704589844	244.25404357910156	101.83417510986328
uninfected	0.9982782602310181	184.90188598632812	216.765380859375	203.75787353515625	242.00253295898438
uninfected	0.9979817867279053	92.290771484375	28.526288986206055	110.35189819335938	50.34483337402344
uninfected	0.997882068157196	215.14553833007812	106.25264739990234	234.0028076171875	131.1033477783203
uninfected	0.9978277087211609	120.00634765625	117.3719711303711	140.625	136.8990020751953
uninfected	0.9977375268936157	168.40777587890625	140.9171142578125	188.33143615722656	163.89259338378906
uninfected	0.9977161884307861	157.22543334960938	122.61251068115234	176.6356201171875	145.77110290527344
uninfected	0.9975152015686035	131.99954223632812	91.11167907714844	151.6373748779297	113.80606842041016
uninfected	0.9971959590911865	113.1347427368164	151.5106964111328	128.97396850585938	176.4434356689453
uninfected	0.9971434473991394	134.93531799316406	186.6730194091797	152.34396362304688	212.2922821044922
uninfected	0.9970741271972656	184.3338623046875	116.96519470214844	206.15870666503906	143.36920166015625
uninfected	0.9970295429229736	55.58434295654297	75.1043701171875	75.62355041503906	98.3925552368164
uninfected	0.9970073103904724	199.44813537597656	201.0090789794922	219.78787231445312	226.1302032470703
uninfected	0.9967628717422485	147.6829071044922	176.9681396484375	166.41256713867188	202.183837890625
uninfected	0.9962658286094666	148.75863647460938	11.865179061889648	165.1049346923828	35.39012145996094
uninfected	0.9961351156234741	134.19639587402344	151.64511108398438	151.01893615722656	177.34288024902344
uninfected	0.9957375526428223	203.77679443359375	84.65731048583984	224.27601623535156	112.06375885009766
uninfected	0.9948640465736389	44.67838668823242	106.93115997314453	64.53775024414062	129.92198181152344
uninfected	0.9948210716247559	80.74668884277344	44.72739791870117	98.00959777832031	73.36598205566406
uninfected	0.9939426779747009	109.87383270263672	30.63164520263672	127.95407104492188	54.583656311035156
uninfected	0.9933116436004639	168.18148803710938	211.17697143554688	185.415771484375	237.7123260498047
uninfected	0.9918443560600281	15.76067066192627	197.7640838623047	35.044288635253906	222.62782287597656
uninfected	0.9918362498283386	117.51611328125	177.4701690673828	135.77561950683594	202.61227416992188
uninfected	0.9913191199302673	101.85454559326172	219.6373748779297	120.03192901611328	243.84640502929688
uninfected	0.9911223649978638	146.17904663085938	76.11788177490234	166.1090850830078	100.58391571044922
uninfected	0.9908117055892944	55.57495880126953	166.82369995117188	75.12126922607422	191.90757751464844
uninfected	0.9894535541534424	180.4988250732422	197.01361083984375	203.10389709472656	217.83712768554688
uninfected	0.98869788646698	229.4638671875	53.74536895751953	250.68983459472656	71.86296844482422
uninfected	0.988481879234314	82.68746948242188	225.0945281982422	100.64543914794922	251.66867065429688
uninfected	0.9883783459663391	95.35921478271484	136.77574157714844	112.95609283447266	161.48590087890625
uninfected	0.9879249334335327	96.11373138427734	160.81141662597656	113.64035034179688	188.96954345703125
uninfected	0.9875651001930237	77.19459533691406	125.89374542236328	95.86363983154297	151.33177185058594
uninfected	0.9872488379478455	139.81822204589844	130.29550170898438	160.3682098388672	151.70425415039062
uninfected	0.9868032336235046	164.0265350341797	180.44049072265625	180.09283447265625	209.41966247558594
uninfected	0.9866850972175598	31.64677619934082	159.4815673828125	53.60239028930664	181.67556762695312
uninfected	0.9857617616653442	112.40805053710938	88.84317779541016	131.7177276611328	112.08585357666016
uninfected	0.9842433929443359	38.790992736816406	220.1116180419922	57.675262451171875	246.42352294921875
uninfected	0.9831303358078003	64.46206665039062	54.62321472167969	83.89910125732422	81.2364501953125
uninfected	0.9831094145774841	67.77213287353516	185.3570098876953	86.08977508544922	213.6398162841797
uninfected	0.9827760457992554	109.88347625732422	55.19188690185547	128.70822143554688	79.95364379882812
uninfected	0.9812676906585693	95.2392578125	188.08648681640625	113.2083969116211	215.59315490722656
uninfected	0.9810313582420349	158.8049774169922	158.22547912597656	177.04098510742188	181.6848907470703
uninfected	0.9787583351135254	38.783111572265625	180.35372924804688	57.63488006591797	202.33673095703125
uninfected	0.9777265191078186	163.01243591308594	103.73619842529297	182.9330291748047	124.65623474121094
infected	0.9740755558013916	101.88031005859375	101.31468200683594	123.71097564697266	127.75054168701172
uninfected	0.9690593481063843	23.335346221923828	221.62391662597656	40.01252365112305	249.83462524414062
uninfected	0.9685249924659729	185.11044311523438	20.14114761352539	206.87957763671875	37.91628646850586
uninfected	0.9635444283485413	213.7813262939453	12.62221622467041	237.1297149658203	33.07822036743164
uninfected	0.9612061977386475	74.85804748535156	170.3567352294922	97.96546936035156	195.07766723632812
uninfected	0.9600216746330261	177.2205047607422	178.0576171875	195.86390686035156	201.21714782714844
uninfected	0.9570822715759277	191.21788024902344	111.44215393066406	215.80487060546875	132.6680145263672
uninfected	0.9556888937950134	101.21316528320312	128.2158203125	124.91558074951172	150.22482299804688
uninfected	0.9527568817138672	181.93954467773438	161.2032928466797	204.43067932128906	179.80259704589844
uninfected	0.950532078742981	153.78640747070312	218.5298614501953	172.63424682617188	243.7881317138672
uninfected	0.9411211609840393	96.34767150878906	48.156898498535156	113.36688995361328	76.5298080444336
uninfected	0.9302250146865845	68.93236541748047	89.13619232177734	88.84788513183594	114.79727935791016
uninfected	0.928041934967041	123.7484359741211	73.0036392211914	146.15382385253906	90.5423583984375
uninfected	0.9197881817817688	85.2928237915039	107.87867736816406	105.80895233154297	131.7183074951172
uninfected	0.9107546806335449	19.597335815429688	176.51101684570312	39.0907096862793	199.22421264648438
uninfected	0.883335292339325	46.37666702270508	125.98639678955078	72.51219940185547	143.99937438964844
uninfected	0.8691369295120239	64.04049682617188	212.607421875	84.43411254882812	238.25363159179688
infected	0.8451168537139893	83.4586410522461	197.33509826660156	102.41542053222656	224.7491912841797
uninfected	0.8221077919006348	52.885223388671875	217.0710906982422	73.82914733886719	243.04249572753906
uninfected	0.7920461297035217	234.1053924560547	31.820314407348633	255.6089324951172	49.70439529418945
uninfected	0.779961109161377	64.31645965576172	110.03787994384766	85.38163757324219	134.1952362060547
uninfected	0.7617501020431519	39.30237579345703	140.95884704589844	63.54695510864258	167.1884307861328
uninfected	0.7373532056808472	138.95535278320312	225.8592529296875	161.9552459716797	250.85519409179688
uninfected	0.7027372121810913	33.975006103515625	198.39767456054688	53.84237289428711	222.14442443847656
infected	0.676065981388092	213.75071716308594	35.48942947387695	236.88082885742188	57.59713363647461
uninfected	0.6614506840705872	84.65132904052734	89.95711517333984	106.62083435058594	110.45198059082031
uninfected	0.5548938512802124	144.35594177246094	148.92849731445312	166.15708923339844	176.83921813964844
uninfected	0.5415815114974976	218.26736450195312	1.897022008895874	243.70516967773438	17.92730712890625
uninfected	0.5260513424873352	62.08915710449219	150.2008514404297	83.3321762084961	171.6717529296875
uninfected	0.4544839560985565	50.75747299194336	93.63994598388672	70.56206512451172	112.54725646972656
uninfected	0.3485904037952423	212.9930419921875	34.5709228515625	237.78726196289062	58.0682373046875
uninfected	0.3241179883480072	110.0372543334961	183.34878540039062	124.51260375976562	212.5222625732422
uninfected	0.29608985781669617	82.93809509277344	197.4207305908203	102.71809387207031	225.48800659179688
infected	0.2675444185733795	39.34213638305664	141.31785583496094	63.51466751098633	167.22003173828125
uninfected	0.18986350297927856	187.93698120117188	99.19583129882812	202.53570556640625	118.64698028564453
uninfected	0.18934109807014465	82.7825927734375	153.91732788085938	102.31832122802734	175.4689178466797
uninfected	0.08164350688457489	73.5482177734375	89.42882537841797	98.53667449951172	113.82499694824219
uninfected	0.05903153121471405	101.94032287597656	100.03951263427734	123.09236907958984	127.81925201416016
infected	0.05338132753968239	91.99048614501953	190.79006958007812	110.24951171875	217.9568328857422
