uninfected	0.9994914531707764	34.29425811767578	207.93606567382812	52.73357391357422	231.09669494628906
uninfected	0.9993994235992432	210.8692169189453	86.62440490722656	228.12420654296875	113.52449798583984
uninfected	0.9993554949760437	154.16827392578125	70.78323364257812	172.22540283203125	94.3752212524414
uninfected	0.9992527365684509	139.64137268066406	226.0532989501953	155.9978790283203	248.12989807128906
uninfected	0.9991851449012756	185.45950317382812	131.89266967773438	203.48008728027344	156.46560668945312
uninfected	0.999037504196167	201.6228485107422	124.31401062011719	221.24163818359375	149.42063903808594
uninfected	0.9988740086555481	218.0821075439453	168.54054260253906	236.7078399658203	193.77406311035156
uninfected	0.9987978935241699	174.3568572998047	83.81511688232422	193.57720947265625	109.83700561523438
uninfected	0.9986844658851624	18.83485984802246	190.51541137695312	35.79136276245117	214.17544555664062
uninfected	0.9986070990562439	129.8875732421875	149.92919921875	151.5214080810547	171.88037109375
uninfected	0.9984126091003418	181.19081115722656	109.96404266357422	198.92831420898438	132.9522247314453
uninfected	0.9983261227607727	25.410552978515625	61.04551315307617	43.58895492553711	84.79064178466797
uninfected	0.998245120048523	144.34776306152344	35.37807846069336	162.6152801513672	62.37692642211914
uninfected	0.9982288479804993	222.3096466064453	45.53229522705078	240.2048797607422	71.26385498046875
uninfected	0.998055100440979	148.8361053466797	115.58193969726562	169.35292053222656	140.3881378173828
uninfected	0.9978944659233093	38.45832443237305	19.749557495117188	54.83257293701172	46.02131652832031
uninfected	0.9974514842033386	108.60299682617188	148.333740234375	128.4678955078125	170.9086456298828
uninfected	0.9974231719970703	78.43179321289062	10.394566535949707	97.74710845947266	32.25924301147461
uninfected	0.9959235191345215	134.9912872314453	48.59414291381836	155.9347686767578	75.76597595214844
uninfected	0.9958970546722412	149.3883056640625	170.25189208984375	169.09716796875	198.23263549804688
uninfected	0.995654821395874	128.24754333496094	102.35617065429688	146.75344848632812	129.61648559570312
uninfected	0.9954121708869934	177.31410217285156	200.52926635742188	199.30734252929688	225.9329833984375
uninfected	0.9953786134719849	124.70561218261719	128.41986083984375	145.5467987060547	149.87940979003906
uninfected	0.9940940737724304	9.436765670776367	208.40921020507812	25.09181022644043	230.5621795654297
uninfected	0.9925986528396606	111.15482330322266	27.2104434967041	133.7030029296875	50.11482620239258
uninfected	0.9911671280860901	54.541015625	17.45123291015625	73.47586059570312	43.75200271606445
uninfected	0.98720782995224	194.44833374023438	95.09920501708984	214.06016540527344	125.46272277832031
uninfected	0.9863714575767517	116.83097076416016	223.13197326660156	137.30870056152344	242.8850860595703
uninfected	0.985708475112915	51.28697967529297	38.533084869384766	79.30074310302734	57.38862228393555
uninfected	0.9798000454902649	134.64305114746094	72.58241271972656	155.49038696289062	93.52571868896484
uninfected	0.9789484143257141	16.85239028930664	219.56317138671875	37.51482009887695	244.44212341308594
uninfected	0.9780300855636597	58.9350471496582	226.8723602294922	84.71276092529297	244.33712768554688
uninfected	0.9735475778579712	212.71878051757812	210.20494079589844	233.49163818359375	240.21298217773438
uninfected	0.9507442116737366	113.54765319824219	1.1625818014144897	136.058349609375	27.47945785522461
uninfected	0.9426372647285461	99.97457122802734	179.01116943359375	119.16783142089844	197.8914794921875
infected	0.940274715423584	160.3031768798828	44.76832580566406	179.4426727294922	71.48268127441406
infected	0.9374412894248962	104.00318145751953	93.41954040527344	127.48695373535156	118.6723861694336
uninfected	0.9292135238647461	64.91085052490234	57.16947555541992	85.20169067382812	82.54064178466797
uninfected	0.9263662695884705	221.9763641357422	224.49557495117188	242.32850646972656	251.68128967285156
uninfected	0.9175119400024414	97.60693359375	151.88168334960938	112.30601501464844	173.421875
uninfected	0.8851370215415955	235.0972442626953	139.86610412597656	255.52696228027344	170.68511962890625
uninfected	0.84781414270401	102.20272064208984	128.96934509277344	119.36004638671875	152.64938354492188
uninfected	0.8399194478988647	106.85411834716797	118.2220687866211	126.25931549072266	138.57513427734375
uninfected	0.8068897128105164	76.37947845458984	121.42538452148438	91.44615936279297	143.2705841064453
infected	0.8027825355529785	86.16299438476562	188.55026245117188	105.3687973022461	212.77706909179688
uninfected	0.6129684448242188	91.1025390625	110.2563247680664	111.59526824951172	132.76536560058594
infected	0.5553995966911316	84.08497619628906	225.4993438720703	107.7283935546875	245.21974182128906
uninfected	0.48381996154785156	235.95901489257812	187.07582092285156	256.0	212.870849609375
uninfected	0.2636401653289795	103.6334228515625	93.33865356445312	127.13174438476562	117.81847381591797
uninfected	0.23646147549152374	52.46968078613281	25.1779727935791	76.87841796875	50.82394790649414
uninfected	0.1353197693824768	230.2469482421875	206.3429412841797	248.9644012451172	231.8810272216797
infected	0.09483076632022858	114.49826049804688	2.1542248725891113	136.80599975585938	27.76473045349121
uninfected	0.0672583132982254	83.63654327392578	225.56544494628906	108.40493774414062	244.74368286132812
infected	0.05351448804140091	64.95502471923828	57.31541442871094	85.72555541992188	82.74195098876953
