uninfected	0.9993353486061096	82.1754150390625	4.299964427947998	100.05821228027344	26.790224075317383
uninfected	0.9989073276519775	82.57718658447266	208.12838745117188	100.95560455322266	232.64987182617188
uninfected	0.9987119436264038	46.30089569091797	2.895402669906616	65.11451721191406	28.152761459350586
uninfected	0.9986359477043152	199.58859252929688	93.76326751708984	217.4371795654297	117.12870025634766
uninfected	0.9986347556114197	156.82327270507812	66.87337493896484	175.3184356689453	92.51768493652344
uninfected	0.9986022114753723	173.72666931152344	118.61952209472656	193.39170837402344	144.135009765625
uninfected	0.998506486415863	116.22940826416016	184.478759765625	134.2658233642578	208.4947052001953
uninfected	0.9981021285057068	104.83716583251953	130.94189453125	122.27658081054688	153.95469665527344
uninfected	0.9979464411735535	142.81968688964844	54.07859802246094	160.61978149414062	81.03846740722656
uninfected	0.9977282881736755	5.573025226593018	207.1055450439453	24.30031967163086	234.88925170898438
uninfected	0.997536301612854	217.60299682617188	38.131309509277344	235.92738342285156	60.511619567871094
uninfected	0.9974561333656311	224.6995849609375	15.028657913208008	244.8178253173828	41.3919563293457
uninfected	0.9972652196884155	52.63471984863281	200.58607482910156	71.86174774169922	225.71160888671875
uninfected	0.9969954490661621	2.9290971755981445	34.78763198852539	21.01520538330078	60.97093963623047
uninfected	0.9967261552810669	172.4806365966797	97.52767181396484	193.01416015625	118.29953002929688
uninfected	0.9964475631713867	15.095230102539062	168.52630615234375	33.86736297607422	196.10525512695312
uninfected	0.9960898160934448	108.21268463134766	31.414398193359375	126.93692016601562	58.58561706542969
uninfected	0.9951177835464478	111.18782806396484	159.66751098632812	128.92608642578125	185.09043884277344
uninfected	0.9948793649673462	170.17755126953125	24.793241500854492	190.99783325195312	51.46340560913086
uninfected	0.994836688041687	22.656951904296875	228.49337768554688	40.901611328125	253.0137176513672
uninfected	0.9943453669548035	67.25436401367188	219.89593505859375	86.01263427734375	246.63702392578125
uninfected	0.9930036664009094	94.47781372070312	225.74575805664062	113.25364685058594	251.74571228027344
uninfected	0.9923766851425171	178.241943359375	213.7220001220703	196.68112182617188	241.90548706054688
uninfected	0.9808146953582764	175.0187225341797	57.86835861206055	189.50794982910156	81.8866195678711
uninfected	0.9795244336128235	122.73706817626953	22.730375289916992	141.3386688232422	48.81191635131836
uninfected	0.979168176651001	116.33172607421875	11.1521577835083	133.72994995117188	34.466636657714844
uninfected	0.9738640785217285	158.72381591796875	227.15151977539062	176.09036254882812	254.4942169189453
uninfected	0.9444976449012756	118.86234283447266	52.93141174316406	136.01185607910156	78.4072494506836
infected	0.8023325800895691	19.670379638671875	7.508419036865234	38.68248748779297	34.04665756225586
infected	0.6292316913604736	159.67864990234375	182.7859649658203	177.10775756835938	208.77273559570312
uninfected	0.5304976105690002	138.4183349609375	176.50119018554688	159.02841186523438	203.6057586669922
uninfected	0.4411049783229828	159.5612335205078	182.74261474609375	177.37722778320312	209.07174682617188
infected	0.3472386300563812	138.3073272705078	177.026123046875	159.27230834960938	204.0497589111328
uninfected	0.2726196050643921	240.73239135742188	153.59104919433594	255.9796600341797	175.95713806152344
uninfected	0.1462448388338089	19.77914810180664	7.267262935638428	39.013633728027344	33.53584289550781
uninfected	0.0922945886850357	239.50819396972656	188.03167724609375	256.0	212.4501190185547
uninfected	0.08025078475475311	52.2752571105957	232.11412048339844	69.15394592285156	256.0
infected	0.050984177738428116	119.31153106689453	53.81746292114258	135.22491455078125	78.02465057373047
