uninfected	0.9996283054351807	88.05864715576172	29.299896240234375	105.71796417236328	52.56144332885742
uninfected	0.9996044039726257	152.77542114257812	80.78219604492188	169.00006103515625	101.1613540649414
uninfected	0.9995964169502258	181.95008850097656	89.7691879272461	198.20025634765625	111.40762329101562
uninfected	0.9995719790458679	197.72169494628906	99.6830062866211	216.25770568847656	122.19064331054688
uninfected	0.9995688796043396	171.2223663330078	32.95702362060547	186.45407104492188	55.01933288574219
uninfected	0.9995330572128296	154.86463928222656	26.31893539428711	169.93121337890625	47.12894058227539
uninfected	0.9995146989822388	111.0057373046875	23.652177810668945	127.8431396484375	45.644100189208984
uninfected	0.9994907379150391	134.6688995361328	206.98345947265625	151.2879638671875	230.45223999023438
uninfected	0.9994776844978333	105.89546966552734	172.0238494873047	123.31027221679688	194.89895629882812
uninfected	0.9994358420372009	198.7303009033203	160.17596435546875	217.15194702148438	183.60406494140625
uninfected	0.9993773102760315	146.08267211914062	48.22797775268555	162.14566040039062	71.40538024902344
uninfected	0.9993746876716614	206.8079071044922	78.47705078125	223.70919799804688	101.17176818847656
uninfected	0.9993281364440918	160.83035278320312	223.46481323242188	176.50784301757812	246.5157928466797
uninfected	0.9993274211883545	70.26968383789062	28.23053741455078	87.58377838134766	48.71100616455078
uninfected	0.999323844909668	143.9451904296875	93.68883514404297	161.71029663085938	115.37071228027344
uninfected	0.9993187189102173	228.6839599609375	133.02532958984375	245.47235107421875	154.631103515625
uninfected	0.9992497563362122	196.91310119628906	61.51526641845703	214.98153686523438	84.01237487792969
uninfected	0.9992306232452393	119.86183166503906	194.35052490234375	136.3997039794922	220.60215759277344
uninfected	0.9990460276603699	238.09683227539062	62.69036865234375	253.759765625	85.88167572021484
uninfected	0.9990308284759521	63.47203826904297	75.03209686279297	80.15828704833984	101.1441650390625
uninfected	0.999009370803833	154.10609436035156	138.68470764160156	170.1683349609375	162.40829467773438
uninfected	0.9989718198776245	199.05810546875	135.88870239257812	216.30039978027344	160.4051055908203
uninfected	0.9988805651664734	78.16627502441406	215.62648010253906	96.809326171875	238.8619842529297
uninfected	0.9988428354263306	131.38241577148438	127.76116943359375	148.91796875	151.94776916503906
uninfected	0.9986704587936401	92.73965454101562	186.5955352783203	111.2784423828125	211.09503173828125
uninfected	0.9986428618431091	30.052064895629883	112.98411560058594	46.908294677734375	140.7825927734375
uninfected	0.9985874891281128	37.895050048828125	91.94203186035156	55.68219757080078	115.78236389160156
uninfected	0.9985812902450562	175.90956115722656	138.94320678710938	191.52667236328125	167.11045837402344
uninfected	0.998497486114502	6.760132789611816	178.81947326660156	25.6611328125	204.49716186523438
uninfected	0.9984886646270752	230.440185546875	81.95819091796875	247.23577880859375	107.31875610351562
uninfected	0.9984731078147888	100.34854888916016	228.60134887695312	117.24276733398438	253.89056396484375
uninfected	0.9984292387962341	93.31949615478516	60.60422897338867	111.39694213867188	84.39656829833984
uninfected	0.9983407258987427	79.28376007080078	74.7392807006836	94.66985321044922	100.12300872802734
uninfected	0.9981922507286072	187.24378967285156	194.67437744140625	202.8615264892578	218.78761291503906
uninfected	0.9981016516685486	172.35707092285156	203.07704162597656	188.23570251464844	232.3236083984375
uninfected	0.9980888962745667	67.19031524658203	175.00218200683594	83.43656158447266	199.11851501464844
uninfected	0.9980058073997498	150.7582550048828	172.15158081054688	169.7334747314453	197.0784454345703
uninfected	0.9966885447502136	78.02214050292969	52.10698699951172	97.19459533691406	73.20088195800781
uninfected	0.9965031147003174	46.329280853271484	110.12835693359375	63.339759826660156	137.26670837402344
uninfected	0.9960829019546509	95.51388549804688	93.26256561279297	111.02792358398438	122.37168884277344
uninfected	0.9959046244621277	199.4637908935547	41.963890075683594	214.16163635253906	61.30296325683594
uninfected	0.9955963492393494	1.4098058938980103	99.89268493652344	19.84804344177246	122.54631805419922
uninfected	0.9954056739807129	108.94646453857422	74.76310729980469	124.43304443359375	98.39249420166016
uninfected	0.9953218102455139	64.5396957397461	47.43381118774414	81.5633544921875	75.59996032714844
uninfected	0.9944252967834473	161.5041961669922	81.47008514404297	178.7745819091797	104.11190032958984
uninfected	0.9939560294151306	118.05049896240234	40.95123291015625	134.37779235839844	63.07147979736328
uninfected	0.9915440082550049	103.29155731201172	0.9418670535087585	119.5427474975586	20.81229019165039
uninfected	0.9893576502799988	127.52909851074219	112.24256896972656	144.65028381347656	135.41238403320312
uninfected	0.9873197078704834	185.8020782470703	54.50048828125	201.7484130859375	71.21927642822266
uninfected	0.9782682061195374	18.501964569091797	59.80002212524414	38.20480728149414	83.9068374633789
uninfected	0.9684553146362305	71.91758728027344	198.9447479248047	92.68852233886719	220.02169799804688
uninfected	0.9653996825218201	190.13430786132812	201.91322326660156	211.06637573242188	232.6566619873047
uninfected	0.9530968070030212	82.36920928955078	91.435546875	99.62332916259766	123.0844497680664
uninfected	0.9530324935913086	69.47477722167969	2.3839452266693115	83.861083984375	26.718795776367188
infected	0.9424092173576355	81.84566497802734	172.69911193847656	100.32618713378906	199.32232666015625
uninfected	0.9384403824806213	228.59202575683594	105.95113372802734	244.5897674560547	131.6877899169922
uninfected	0.9225133657455444	165.05287170410156	130.6185760498047	179.21661376953125	154.5216064453125
uninfected	0.9199748039245605	231.92218017578125	197.292236328125	251.5027618408203	220.86021423339844
uninfected	0.9169932007789612	106.12307739257812	94.19187927246094	123.1162338256836	123.477294921875
uninfected	0.857010543346405	235.2535858154297	117.85675811767578	253.2674560546875	135.3630828857422
uninfected	0.8407520651817322	229.76968383789062	164.25714111328125	248.31365966796875	195.67691040039062
uninfected	0.8218210935592651	178.90538024902344	160.51690673828125	193.82850646972656	191.4823455810547
uninfected	0.81755131483078	6.033992767333984	69.70291137695312	19.562061309814453	99.61070251464844
uninfected	0.7704690098762512	5.932828903198242	121.04124450683594	22.800989151000977	152.91802978515625
uninfected	0.7602267265319824	149.452392578125	156.10946655273438	174.2154998779297	174.8384552001953
uninfected	0.7194581031799316	87.85250091552734	130.08555603027344	105.08429718017578	154.64093017578125
uninfected	0.2501879632472992	238.0814208984375	216.63177490234375	255.99884033203125	242.0052947998047
uninfected	0.13205963373184204	225.75466918945312	232.3348388671875	246.25474548339844	256.0
uninfected	0.08433797210454941	191.70315551757812	33.17451477050781	201.63975524902344	46.38454818725586
uninfected	0.05401104316115379	83.68032836914062	91.38184356689453	115.69913482666016	122.97490692138672
