uninfected	0.9991176724433899	107.81236267089844	6.498342037200928	126.10468292236328	30.46904945373535
uninfected	0.9983720183372498	220.04339599609375	146.06622314453125	238.14976501464844	171.06927490234375
uninfected	0.9977578520774841	205.8196258544922	154.258056640625	227.13568115234375	180.6370849609375
uninfected	0.9974194765090942	167.21316528320312	165.63461303710938	184.27191162109375	187.2811737060547
uninfected	0.9971906542778015	65.83232116699219	11.026983261108398	85.1205825805664	32.983280181884766
uninfected	0.9971491694450378	10.962911605834961	144.57933044433594	27.909427642822266	169.3313446044922
uninfected	0.9969758987426758	149.51544189453125	196.2975311279297	167.2877655029297	219.64378356933594
uninfected	0.9968851208686829	43.44245910644531	38.26634979248047	62.526912689208984	63.33686065673828
uninfected	0.9960418939590454	202.4283905029297	138.75830078125	218.8799591064453	161.23468017578125
uninfected	0.9959828853607178	11.227458000183105	120.07056427001953	28.569833755493164	146.0257568359375
uninfected	0.9954919219017029	101.2880859375	27.643789291381836	120.23140716552734	54.5048713684082
uninfected	0.9952558875083923	24.263290405273438	66.18216705322266	41.17705535888672	95.1630859375
uninfected	0.9948955178260803	210.62074279785156	67.52118682861328	227.1591033935547	88.81243896484375
uninfected	0.9932296276092529	178.81797790527344	95.27417755126953	195.068603515625	118.85986328125
uninfected	0.992737352848053	88.27922058105469	39.34962844848633	107.61244201660156	68.67919158935547
uninfected	0.9926208257675171	4.606029033660889	178.4506378173828	20.826641082763672	201.9407196044922
uninfected	0.9902220964431763	225.69918823242188	129.6896514892578	240.6724395751953	153.93682861328125
uninfected	0.9851335287094116	206.5198516845703	106.79164123535156	222.88766479492188	131.07589721679688
uninfected	0.984618604183197	119.90980529785156	11.752673149108887	137.03634643554688	40.977596282958984
uninfected	0.9845405220985413	58.8019905090332	28.66123390197754	78.69158935546875	54.65630340576172
uninfected	0.9818748831748962	72.89933776855469	45.21287536621094	90.46964263916016	69.64883422851562
uninfected	0.9803488850593567	109.59127807617188	48.37124252319336	130.99781799316406	67.98904418945312
uninfected	0.9780762791633606	130.44784545898438	23.07670783996582	152.63560485839844	53.18722152709961
uninfected	0.9720039367675781	108.08265686035156	226.55433654785156	128.8256072998047	249.994873046875
uninfected	0.9657421112060547	237.94290161132812	148.93197631835938	254.88958740234375	172.11878967285156
uninfected	0.9636843204498291	108.88465881347656	68.15878295898438	126.14910888671875	92.52566528320312
uninfected	0.9626359343528748	29.40239715576172	124.56436157226562	48.671268463134766	148.03302001953125
uninfected	0.9594526886940002	90.02474212646484	230.0048065185547	109.43702697753906	254.3823699951172
uninfected	0.9574458003044128	24.276227951049805	105.53640747070312	41.47230529785156	131.65631103515625
uninfected	0.9564474821090698	38.80511474609375	101.87904357910156	55.29827117919922	129.99642944335938
uninfected	0.9419835209846497	26.00339698791504	169.9378662109375	44.77668380737305	195.6127471923828
uninfected	0.9284506440162659	40.07585144042969	186.8912811279297	59.11484146118164	212.28643798828125
uninfected	0.924318790435791	146.795166015625	158.48028564453125	167.30679321289062	183.670166015625
uninfected	0.9242127537727356	92.53592681884766	131.68226623535156	111.1822738647461	154.15719604492188
uninfected	0.9164162874221802	152.0892333984375	134.0852508544922	171.23220825195312	157.472900390625
uninfected	0.9065647721290588	128.3483123779297	171.03578186035156	151.5758056640625	192.73495483398438
infected	0.8990172743797302	139.25204467773438	97.25173950195312	162.51193237304688	127.69573974609375
uninfected	0.8985201120376587	219.42860412597656	99.58767700195312	235.0019989013672	119.11681365966797
uninfected	0.8932204842567444	156.87008666992188	61.22878646850586	171.0745849609375	83.24211120605469
uninfected	0.8869024515151978	94.06607818603516	151.77406311035156	112.11162567138672	174.4730682373047
uninfected	0.8736143112182617	143.0447998046875	39.51054763793945	160.94126892089844	61.64495849609375
uninfected	0.8567997217178345	51.33184051513672	75.70616149902344	70.02619171142578	100.12772369384766
uninfected	0.8522239327430725	144.1736297607422	77.57463836669922	161.41566467285156	97.347412109375
uninfected	0.817480206489563	52.74201583862305	206.69737243652344	72.5701904296875	231.39968872070312
uninfected	0.8093071579933167	97.131103515625	62.93803405761719	116.31645202636719	88.95021057128906
uninfected	0.7998595833778381	63.977783203125	61.24690628051758	82.26189422607422	83.80294036865234
uninfected	0.7790144085884094	111.0363540649414	134.721435546875	126.29694366455078	160.57553100585938
uninfected	0.7739231586456299	76.71638488769531	154.31385803222656	95.56681060791016	178.61990356445312
uninfected	0.7283260822296143	132.9375457763672	127.3518295288086	153.12393188476562	150.87640380859375
uninfected	0.7263574600219727	71.1993408203125	215.2810516357422	90.47087860107422	240.43124389648438
uninfected	0.6984712481498718	205.32240295410156	90.6132583618164	226.90904235839844	111.73745727539062
infected	0.696134090423584	187.8621063232422	59.84537124633789	204.6867218017578	80.5247802734375
uninfected	0.6786332130432129	92.9100112915039	88.09849548339844	112.60904693603516	113.18757629394531
uninfected	0.6240723133087158	25.38956069946289	145.8531036376953	45.123802185058594	172.56497192382812
uninfected	0.5217155814170837	149.9580078125	104.787353515625	175.39138793945312	138.05995178222656
uninfected	0.5186148285865784	120.1991958618164	124.31816864013672	134.58627319335938	153.54212951660156
uninfected	0.5107073187828064	124.31028747558594	106.22737121582031	142.1365203857422	127.6690673828125
uninfected	0.481459379196167	100.89666748046875	205.59036254882812	121.73639678955078	230.32373046875
uninfected	0.47191616892814636	39.41860580444336	77.35050964355469	55.77781677246094	103.55094146728516
uninfected	0.45237696170806885	119.4533920288086	185.98353576660156	139.05972290039062	211.1008758544922
uninfected	0.27224069833755493	118.81362915039062	151.192626953125	142.65330505371094	174.16168212890625
uninfected	0.27045539021492004	102.45907592773438	104.97466278076172	122.53872680664062	120.78181457519531
uninfected	0.2659000754356384	71.65023040771484	129.03347778320312	94.68155670166016	157.49632263183594
uninfected	0.25941044092178345	188.84288024902344	60.24300765991211	203.90011596679688	79.93685150146484
infected	0.21435046195983887	90.20310974121094	115.50105285644531	117.39762115478516	138.66078186035156
uninfected	0.1915913075208664	48.55118179321289	134.92564392089844	69.38892364501953	156.37033081054688
infected	0.17612789571285248	72.84076690673828	129.00599670410156	94.08272552490234	158.4311065673828
uninfected	0.15741103887557983	134.67630004882812	146.9647216796875	159.1537628173828	166.94976806640625
uninfected	0.1330600529909134	139.41757202148438	97.8571548461914	164.7271270751953	127.8923110961914
uninfected	0.09981904923915863	103.0882568359375	206.42019653320312	136.9125518798828	229.17608642578125
infected	0.088330939412117	148.41897583007812	103.7875747680664	176.2786865234375	139.67041015625
uninfected	0.08567111194133759	66.68589782714844	166.91073608398438	83.61126708984375	189.0584716796875
uninfected	0.07420779764652252	123.92986297607422	18.0153865814209	145.32113647460938	49.05057144165039
uninfected	0.06967691332101822	89.0809555053711	115.01063537597656	118.77906036376953	137.29315185546875
uninfected	0.05801955983042717	39.53328323364258	136.60061645507812	65.36029815673828	168.26597595214844
