uninfected	0.9996157884597778	31.642024993896484	135.8192596435547	48.73284149169922	158.97686767578125
uninfected	0.9995964169502258	88.03073120117188	2.514350414276123	105.2452392578125	25.836063385009766
uninfected	0.9995887875556946	145.30296325683594	77.60018157958984	162.192138671875	102.1706314086914
uninfected	0.9995003938674927	85.45236206054688	133.38954162597656	103.09019470214844	156.849609375
uninfected	0.9994298815727234	76.3968734741211	154.47520446777344	95.1537857055664	178.48736572265625
uninfected	0.9993869066238403	182.4951171875	227.07717895507812	200.36463928222656	252.7645263671875
uninfected	0.9993571639060974	16.34044075012207	209.3341522216797	35.991390228271484	234.8419647216797
uninfected	0.9992626309394836	15.61159896850586	76.0556411743164	34.009098052978516	100.62933349609375
uninfected	0.9991582632064819	213.08335876464844	13.83692455291748	230.57830810546875	39.036949157714844
uninfected	0.9991053938865662	231.961181640625	65.57471466064453	250.86119079589844	91.08055114746094
uninfected	0.9990787506103516	43.15298080444336	112.66278076171875	61.85503387451172	138.02528381347656
uninfected	0.9989755153656006	177.43507385253906	70.85304260253906	194.8806610107422	95.6041030883789
uninfected	0.9989498257637024	173.62925720214844	117.33294677734375	191.9940643310547	144.4420928955078
uninfected	0.9989238381385803	7.577759742736816	226.32049560546875	26.331361770629883	251.6326446533203
uninfected	0.9988963603973389	103.81354522705078	115.21794891357422	121.81746673583984	140.06553649902344
uninfected	0.9987794756889343	219.43115234375	54.87487030029297	234.15606689453125	81.92212677001953
uninfected	0.998752236366272	156.1486358642578	226.1682891845703	172.7860107421875	250.2963104248047
uninfected	0.9987519979476929	18.163677215576172	101.90636444091797	36.107025146484375	129.95042419433594
uninfected	0.99873286485672	102.39578247070312	33.55385208129883	123.62612915039062	60.12250518798828
uninfected	0.9986112117767334	69.64862060546875	42.01481246948242	87.10327911376953	62.83942413330078
uninfected	0.9985771179199219	154.8830108642578	55.856239318847656	174.65850830078125	79.85588073730469
uninfected	0.9984879493713379	101.95967864990234	140.32064819335938	118.83393096923828	162.76998901367188
uninfected	0.9984855055809021	78.99021911621094	71.49479675292969	99.00379943847656	99.51036071777344
uninfected	0.9984606504440308	130.3895721435547	103.85432434082031	144.155517578125	133.93844604492188
uninfected	0.998460054397583	143.4923858642578	5.88616943359375	161.19589233398438	29.094894409179688
uninfected	0.9984240531921387	194.03323364257812	201.52325439453125	212.62612915039062	227.4379119873047
uninfected	0.9983929991722107	168.71804809570312	202.48399353027344	186.4541015625	227.79568481445312
uninfected	0.9983842372894287	127.54086303710938	55.87149429321289	145.24578857421875	84.46223449707031
uninfected	0.9983286261558533	105.91373443603516	4.941408634185791	125.94486999511719	28.877363204956055
uninfected	0.9983261227607727	93.30733489990234	85.72406768798828	110.30342864990234	109.747802734375
uninfected	0.997879147529602	8.465112686157227	6.372298240661621	27.546518325805664	29.774580001831055
uninfected	0.9978495836257935	117.19255828857422	179.18101501464844	134.30474853515625	206.41799926757812
uninfected	0.9975171089172363	161.3800506591797	75.51002502441406	179.58164978027344	102.73062896728516
uninfected	0.9972111582756042	158.85182189941406	120.37216186523438	173.42779541015625	149.03773498535156
uninfected	0.997129499912262	89.53802490234375	107.70525360107422	113.30677795410156	130.25648498535156
uninfected	0.99676513671875	1.2213085889816284	64.2189712524414	19.179737091064453	88.767578125
uninfected	0.996121346950531	74.888427734375	22.401151657104492	93.29792022705078	44.93040084838867
uninfected	0.9960832595825195	86.2789535522461	170.601318359375	105.02706146240234	202.2277374267578
uninfected	0.9956716299057007	189.11058044433594	54.18083953857422	205.97276306152344	78.5804443359375
uninfected	0.9945487380027771	30.51141929626465	42.92144012451172	47.41684341430664	65.3553237915039
uninfected	0.9940409064292908	43.26573181152344	32.97193145751953	60.7866096496582	56.71397399902344
uninfected	0.9928094148635864	39.61250305175781	65.89720916748047	57.46413040161133	88.98807525634766
uninfected	0.9926756024360657	93.15171813964844	22.560775756835938	113.14280700683594	49.10710525512695
uninfected	0.9898696541786194	35.5413703918457	172.64163208007812	57.662147521972656	193.441162109375
uninfected	0.9892417788505554	180.72308349609375	169.81021118164062	193.9821014404297	201.919189453125
uninfected	0.977353572845459	37.19951629638672	89.27769470214844	58.36884307861328	112.41326141357422
uninfected	0.9731197953224182	237.93202209472656	156.79074096679688	255.57144165039062	184.0281219482422
uninfected	0.9703763127326965	57.56233215332031	221.5101776123047	81.06239318847656	241.02926635742188
uninfected	0.9548566937446594	158.51882934570312	183.99417114257812	171.35189819335938	218.04119873046875
uninfected	0.954647958278656	55.011756896972656	18.51030921936035	77.11209869384766	40.63484191894531
uninfected	0.9392748475074768	112.26510620117188	156.83087158203125	127.78621673583984	189.22544860839844
uninfected	0.910414457321167	67.59584045410156	1.0613073110580444	86.0875015258789	25.356708526611328
uninfected	0.900898277759552	179.04095458984375	37.37495422363281	191.77630615234375	72.39286804199219
uninfected	0.855832576751709	3.7509946823120117	42.68255615234375	24.871992111206055	67.08246612548828
uninfected	0.5916188955307007	108.35306549072266	76.34770202636719	125.6498794555664	101.57614135742188
infected	0.571361243724823	108.70692443847656	75.27079772949219	126.43441772460938	99.96635437011719
uninfected	0.1508219689130783	141.89401245117188	227.84246826171875	156.14102172851562	256.0
uninfected	0.0792388767004013	52.321044921875	0.0	69.37104034423828	24.581703186035156
