uninfected	0.9981184005737305	206.02882385253906	176.45773315429688	224.30776977539062	202.0978546142578
uninfected	0.9975852966308594	223.05548095703125	215.1083984375	241.1946563720703	240.00440979003906
uninfected	0.996460497379303	209.6058807373047	31.06392478942871	225.25184631347656	52.802860260009766
uninfected	0.9962615370750427	222.61273193359375	17.42080307006836	241.03175354003906	44.35585021972656
uninfected	0.9956845045089722	124.05500030517578	208.12088012695312	140.8699188232422	231.8412322998047
uninfected	0.9954726099967957	59.5264892578125	40.54930877685547	77.07444763183594	69.25381469726562
uninfected	0.9946736693382263	187.59307861328125	118.62496948242188	205.87132263183594	144.4029541015625
uninfected	0.9940674304962158	236.3113555908203	74.58092498779297	254.2937469482422	98.42192077636719
uninfected	0.993916928768158	193.24917602539062	89.08047485351562	210.7041015625	111.59571075439453
uninfected	0.9938940405845642	175.32864379882812	111.11872863769531	192.7296600341797	137.63186645507812
uninfected	0.9937282800674438	160.6099090576172	160.36813354492188	179.34022521972656	186.74037170410156
uninfected	0.9930873513221741	162.89968872070312	140.3000030517578	182.22421264648438	162.97607421875
uninfected	0.9930652379989624	15.367990493774414	228.28114318847656	32.94443893432617	252.13427734375
uninfected	0.9920046925544739	85.64388275146484	37.61595153808594	103.69995880126953	65.38572692871094
uninfected	0.9915063977241516	127.08185577392578	229.8582763671875	144.60520935058594	254.3535919189453
uninfected	0.9894741177558899	167.09593200683594	83.11637878417969	185.02877807617188	108.24980926513672
uninfected	0.986335039138794	189.8310546875	1.6003490686416626	212.68202209472656	22.845497131347656
uninfected	0.9854525923728943	112.41116333007812	15.15123176574707	128.98739624023438	40.47603988647461
uninfected	0.9833610653877258	143.28909301757812	227.9900665283203	161.27859497070312	254.02288818359375
uninfected	0.9795544147491455	152.07363891601562	202.20545959472656	168.97201538085938	224.3192901611328
uninfected	0.974907398223877	171.53738403320312	20.52804946899414	189.2526092529297	45.54194259643555
uninfected	0.973016619682312	158.95895385742188	37.65488815307617	177.19630432128906	64.9301528930664
uninfected	0.9535897374153137	174.033203125	37.9838752746582	192.656005859375	60.76237106323242
uninfected	0.8991543054580688	152.37074279785156	79.72527313232422	169.2332763671875	108.12113189697266
infected	0.8837655186653137	127.04911041259766	10.475992202758789	149.0097198486328	42.800052642822266
uninfected	0.8365463018417358	198.64866638183594	61.871883392333984	215.85597229003906	89.23033142089844
uninfected	0.8242555856704712	161.4051055908203	116.05326080322266	176.7334747314453	142.8348846435547
infected	0.8217543959617615	108.67269134521484	170.60638427734375	127.79472351074219	198.7631072998047
uninfected	0.6684725880622864	134.03025817871094	54.48297882080078	150.23883056640625	75.05194854736328
uninfected	0.6485618352890015	148.13772583007812	48.664485931396484	165.87045288085938	75.23151397705078
uninfected	0.6279086470603943	158.16241455078125	17.598834991455078	174.03445434570312	40.3056755065918
uninfected	0.5632569789886475	125.13414764404297	140.64588928222656	139.81549072265625	160.33627319335938
uninfected	0.45151442289352417	146.28079223632812	108.92752838134766	164.47935485839844	139.0943603515625
infected	0.36429378390312195	157.85389709472656	17.141523361206055	174.8981170654297	41.10492706298828
uninfected	0.32679006457328796	120.52484130859375	52.42314147949219	134.8468780517578	76.19839477539062
uninfected	0.28817635774612427	96.61092376708984	175.9716339111328	110.93557739257812	195.12261962890625
uninfected	0.19898337125778198	137.1804656982422	57.24970245361328	162.58181762695312	84.0955581665039
uninfected	0.13298848271369934	132.5308380126953	228.75865173339844	152.78628540039062	254.9409942626953
uninfected	0.11373112350702286	158.76205444335938	80.03667449951172	177.99517822265625	107.88931274414062
infected	0.08649394661188126	198.37269592285156	61.80197525024414	216.71885681152344	89.6082763671875
