uninfected	0.9995073080062866	98.0260238647461	195.95140075683594	114.9802017211914	219.77894592285156
uninfected	0.9990414977073669	57.41705322265625	104.58827209472656	74.49531555175781	129.00387573242188
uninfected	0.9989874958992004	92.05006408691406	174.19476318359375	109.23786163330078	197.35183715820312
uninfected	0.9985594153404236	83.91380310058594	128.765869140625	100.76884460449219	153.95130920410156
uninfected	0.9984799027442932	163.0889434814453	64.79183959960938	182.68760681152344	85.8028793334961
uninfected	0.9983773231506348	7.32692289352417	118.96966552734375	24.149248123168945	141.26332092285156
uninfected	0.9979325532913208	64.44844818115234	216.33323669433594	84.49351501464844	240.85511779785156
uninfected	0.9979119896888733	110.50638580322266	82.26914978027344	130.08692932128906	107.8458480834961
uninfected	0.9978340268135071	90.69011688232422	149.74525451660156	110.36151885986328	174.24948120117188
uninfected	0.9976050853729248	35.87791061401367	91.31732177734375	55.55193328857422	112.38277435302734
uninfected	0.9973353743553162	121.1386947631836	62.63740539550781	139.9904327392578	87.2201156616211
uninfected	0.9972956776618958	63.38732147216797	188.43283081054688	81.92263793945312	215.3226318359375
uninfected	0.9971672892570496	131.51316833496094	141.81915283203125	149.15789794921875	161.28201293945312
uninfected	0.9969717264175415	100.88552856445312	63.95832061767578	120.07231903076172	87.29204559326172
uninfected	0.9967233538627625	18.142812728881836	102.21470642089844	36.78690719604492	122.35628509521484
uninfected	0.9964225888252258	110.75648498535156	152.01657104492188	125.89118957519531	175.2834014892578
uninfected	0.9954496026039124	77.02912139892578	200.72000122070312	95.23909759521484	225.2657012939453
uninfected	0.9948844313621521	62.23917770385742	129.78872680664062	78.54964447021484	155.56385803222656
uninfected	0.9948351383209229	179.74166870117188	12.10682487487793	197.71351623535156	39.01018524169922
uninfected	0.9947564601898193	131.95950317382812	229.3639373779297	151.85968017578125	249.84901428222656
uninfected	0.9946807026863098	49.07474899291992	18.130693435668945	69.4421157836914	43.01545333862305
uninfected	0.9941839575767517	107.5086669921875	211.64456176757812	130.3261260986328	237.41416931152344
uninfected	0.994157075881958	91.69190979003906	0.8887084722518921	111.3856201171875	25.638017654418945
uninfected	0.994146466255188	76.8459243774414	0.793701171875	92.63141632080078	26.211559295654297
uninfected	0.9938663840293884	153.43026733398438	124.12476348876953	168.72618103027344	146.51470947265625
uninfected	0.9924842715263367	146.61502075195312	53.128318786621094	164.4783935546875	77.60201263427734
uninfected	0.9922226071357727	32.31697082519531	188.8700714111328	49.86001968383789	215.483154296875
uninfected	0.990909993648529	117.83357238769531	15.925082206726074	137.7203826904297	41.052303314208984
uninfected	0.9906506538391113	20.27414321899414	157.73239135742188	40.46237564086914	182.86798095703125
uninfected	0.9892345666885376	159.98497009277344	41.40555191040039	180.8346710205078	64.92970275878906
uninfected	0.9890052676200867	24.050472259521484	174.8886260986328	45.71565246582031	197.88534545898438
uninfected	0.9865571856498718	101.3584976196289	109.13396453857422	120.73761749267578	132.72059631347656
uninfected	0.9860233068466187	130.7270965576172	85.8558120727539	151.0648956298828	110.89057159423828
uninfected	0.9845412969589233	127.51431274414062	37.76264572143555	148.0626983642578	64.40451049804688
uninfected	0.9832397103309631	2.387138605117798	161.2755584716797	19.584327697753906	187.9401397705078
uninfected	0.9831371903419495	137.440185546875	11.34251594543457	156.4141387939453	40.06680679321289
uninfected	0.9762762784957886	139.8130645751953	64.63958740234375	158.93463134765625	93.31414794921875
uninfected	0.9460062384605408	93.02735900878906	15.886567115783691	122.26622772216797	40.34412384033203
uninfected	0.9408918619155884	50.04082489013672	148.6645965576172	69.32176971435547	173.08824157714844
uninfected	0.9363867044448853	41.54326629638672	163.61778259277344	58.76568603515625	191.45755004882812
uninfected	0.8767285346984863	162.40121459960938	18.512271881103516	185.21688842773438	44.78260803222656
uninfected	0.8553127646446228	15.395501136779785	137.2212677001953	31.652484893798828	162.6240997314453
uninfected	0.8101191520690918	100.83316802978516	32.16935348510742	128.72897338867188	57.67760467529297
uninfected	0.6916285157203674	32.16044998168945	138.41021728515625	49.9239387512207	164.6146697998047
uninfected	0.6191698312759399	36.714202880859375	109.9534912109375	60.528480529785156	133.33743286132812
uninfected	0.5485361218452454	142.02236938476562	60.07865524291992	161.78106689453125	84.85975646972656
infected	0.5407655239105225	36.16641616821289	110.51128387451172	60.35098648071289	133.49903869628906
uninfected	0.4898545444011688	23.212162017822266	119.06883239746094	43.038211822509766	140.12474060058594
infected	0.4790383279323578	99.01456451416016	32.76451110839844	128.29318237304688	55.92456817626953
uninfected	0.47400617599487305	105.93622589111328	47.951454162597656	130.69667053222656	68.27848815917969
uninfected	0.3710029721260071	149.13180541992188	0.23274414241313934	170.32737731933594	25.927860260009766
infected	0.27526673674583435	31.970680236816406	138.69496154785156	50.23944091796875	164.78182983398438
uninfected	0.2688570022583008	148.5028533935547	28.527854919433594	167.14122009277344	54.35896682739258
infected	0.20727947354316711	162.5265350341797	18.89691925048828	185.29722595214844	45.29084014892578
uninfected	0.05044611915946007	41.126670837402344	132.0341339111328	63.66596603393555	151.32504272460938
