uninfected	0.9990491271018982	191.0543670654297	206.39134216308594	209.0632781982422	232.53536987304688
uninfected	0.9990228414535522	15.325408935546875	224.53173828125	30.63748550415039	246.47251892089844
uninfected	0.9990129470825195	84.5054702758789	194.2697296142578	103.02375030517578	220.14285278320312
uninfected	0.9988647699356079	75.60624694824219	164.67697143554688	96.016357421875	189.22930908203125
uninfected	0.9987687468528748	41.27676010131836	203.35357666015625	58.49910354614258	224.22442626953125
uninfected	0.9986481070518494	63.01565933227539	202.2282257080078	83.30280303955078	223.83705139160156
uninfected	0.9971069693565369	216.07400512695312	211.96792602539062	233.56201171875	231.8877716064453
uninfected	0.9970844388008118	172.3087615966797	201.61097717285156	191.26939392089844	229.73265075683594
uninfected	0.9970449805259705	96.08563995361328	105.49090576171875	115.82816314697266	130.05722045898438
uninfected	0.9967647790908813	126.67852020263672	181.36001586914062	144.24452209472656	204.32876586914062
uninfected	0.9958040118217468	95.66180419921875	82.16368103027344	112.607666015625	109.548583984375
uninfected	0.9953609108924866	52.91026306152344	185.06069946289062	69.4499282836914	209.1962127685547
uninfected	0.9953187108039856	230.689697265625	79.94216918945312	248.73887634277344	105.63755798339844
uninfected	0.9952530860900879	186.1493377685547	73.64505004882812	204.96124267578125	101.1829833984375
uninfected	0.9949200749397278	81.18011474609375	136.4793243408203	98.11115264892578	166.66506958007812
uninfected	0.994443953037262	71.40882873535156	51.54710006713867	91.43765258789062	77.44841766357422
uninfected	0.994350016117096	53.51606369018555	144.82814025878906	72.7209243774414	171.34103393554688
uninfected	0.9940160512924194	188.47955322265625	182.97813415527344	209.49330139160156	208.44532775878906
uninfected	0.9937098026275635	206.70016479492188	212.61871337890625	222.43251037597656	241.55984497070312
uninfected	0.9934706687927246	97.13333129882812	231.30490112304688	115.92658996582031	254.53036499023438
uninfected	0.9929392337799072	158.92010498046875	226.93228149414062	174.6666717529297	250.57994079589844
uninfected	0.9926942586898804	178.55642700195312	21.13477897644043	199.4806365966797	49.7764778137207
uninfected	0.9908819198608398	200.54335021972656	175.3138427734375	220.11737060546875	197.1515350341797
uninfected	0.9897710084915161	182.4606170654297	98.78252410888672	202.27745056152344	128.1664276123047
uninfected	0.9893368482589722	194.80960083007812	141.18417358398438	215.3877716064453	168.8753662109375
uninfected	0.9888977408409119	24.67066764831543	140.76014709472656	41.54896926879883	160.76510620117188
uninfected	0.9864756464958191	49.65288543701172	169.28225708007812	67.87300109863281	191.7439422607422
uninfected	0.9812737703323364	16.82755470275879	110.12672424316406	40.573699951171875	135.5907440185547
uninfected	0.9799289107322693	152.41921997070312	55.96282196044922	174.21067810058594	81.76605224609375
uninfected	0.9755483865737915	92.09725189208984	132.57643127441406	109.32852172851562	162.67127990722656
uninfected	0.9739241003990173	34.32624816894531	112.23464965820312	52.37369918823242	137.12413024902344
uninfected	0.9727364778518677	73.64025115966797	27.714731216430664	93.39181518554688	54.26594161987305
uninfected	0.9703012108802795	234.5315399169922	204.69581604003906	252.79934692382812	230.83651733398438
uninfected	0.9702399373054504	216.199951171875	155.53656005859375	235.9492950439453	184.2267608642578
infected	0.9540323615074158	11.638153076171875	69.40697479248047	32.239219665527344	109.92263793945312
uninfected	0.9535323977470398	52.89251708984375	84.1368408203125	70.629150390625	106.59742736816406
uninfected	0.949338972568512	216.16009521484375	192.7235107421875	234.9084930419922	215.8798828125
uninfected	0.9419426918029785	162.36587524414062	170.00840759277344	184.41360473632812	196.5626678466797
uninfected	0.9365227818489075	66.10175323486328	86.56816101074219	82.29300689697266	121.93404388427734
uninfected	0.9158467650413513	216.73837280273438	57.79722213745117	238.66973876953125	87.17808532714844
uninfected	0.8913869261741638	233.87828063964844	148.20053100585938	251.7018280029297	176.26995849609375
uninfected	0.8909420371055603	35.41201400756836	75.79471588134766	53.45585250854492	107.46754455566406
uninfected	0.8859775066375732	131.1270751953125	157.0343017578125	150.595947265625	183.33937072753906
uninfected	0.8845837712287903	145.26419067382812	173.78903198242188	163.6822967529297	197.367431640625
uninfected	0.8813931345939636	136.9666290283203	121.75952911376953	155.2779998779297	156.1784210205078
infected	0.8474639058113098	33.922767639160156	152.87879943847656	54.972015380859375	180.11935424804688
uninfected	0.8472597599029541	165.26254272460938	138.40419006347656	183.16256713867188	164.9955291748047
uninfected	0.8458290100097656	134.9084930419922	91.61931610107422	154.76437377929688	123.9774398803711
uninfected	0.8394491076469421	230.89273071289062	19.888521194458008	251.2311248779297	46.64560317993164
infected	0.8331494927406311	219.88150024414062	34.37779235839844	239.53314208984375	64.37614440917969
uninfected	0.8323550224304199	16.935924530029297	32.42488098144531	34.80846405029297	58.9057502746582
uninfected	0.8317660093307495	57.30646514892578	56.28548812866211	75.31256866455078	87.20899200439453
uninfected	0.7843939065933228	31.568876266479492	33.857383728027344	48.87437438964844	60.21862030029297
uninfected	0.7714135050773621	207.3812713623047	41.58734130859375	223.65000915527344	70.33200073242188
uninfected	0.7647569179534912	227.23390197753906	173.5319366455078	242.88424682617188	200.18125915527344
uninfected	0.7562611103057861	25.308979034423828	110.6968994140625	47.56074905395508	136.38929748535156
uninfected	0.6772093176841736	180.8676300048828	146.8038787841797	198.1117401123047	177.7808380126953
uninfected	0.6665077805519104	43.905452728271484	53.86536407470703	60.1807746887207	84.83421325683594
uninfected	0.6587716341018677	95.98912811279297	48.581878662109375	114.01547241210938	76.31143188476562
uninfected	0.6494483947753906	206.30758666992188	15.482962608337402	224.958251953125	42.803955078125
uninfected	0.6234180331230164	148.28086853027344	132.39292907714844	167.06549072265625	156.07749938964844
uninfected	0.604358971118927	76.32524871826172	100.2047348022461	95.15408325195312	127.663330078125
uninfected	0.5963310599327087	120.19313049316406	113.35759735107422	144.45082092285156	141.34918212890625
uninfected	0.5780938863754272	30.815763473510742	72.78829193115234	46.21833801269531	109.55646514892578
uninfected	0.5012199282646179	36.07429122924805	47.17505645751953	56.77668380737305	74.2269287109375
uninfected	0.47926095128059387	11.83742904663086	53.92691421508789	35.92756652832031	76.0184326171875
uninfected	0.47369474172592163	101.65373992919922	208.24378967285156	116.78482818603516	231.3004608154297
uninfected	0.3977498412132263	152.9202117919922	3.1740269660949707	173.41929626464844	25.645580291748047
infected	0.3943665027618408	76.70825958251953	100.68241119384766	95.14085388183594	127.79926300048828
uninfected	0.3806566596031189	122.56354522705078	101.9621353149414	142.40972900390625	123.340087890625
uninfected	0.34956032037734985	145.22442626953125	151.76441955566406	166.01942443847656	177.03480529785156
uninfected	0.34699487686157227	91.55765533447266	27.040884017944336	108.35808563232422	56.41923141479492
uninfected	0.32778075337409973	212.6492462158203	94.02996063232422	230.7030487060547	116.80835723876953
uninfected	0.32239198684692383	103.79017639160156	199.61183166503906	121.7088851928711	223.31475830078125
uninfected	0.186116024851799	34.008907318115234	152.9515380859375	54.509559631347656	180.83106994628906
infected	0.17326179146766663	28.8604736328125	73.11583709716797	52.99015808105469	108.94099426269531
infected	0.15082335472106934	91.36036682128906	23.40534210205078	108.36337280273438	56.68552780151367
uninfected	0.13495081663131714	220.1611328125	33.488346099853516	239.90077209472656	64.03925323486328
uninfected	0.11559288948774338	139.0929718017578	154.74105834960938	161.80767822265625	181.53526306152344
uninfected	0.09474876523017883	70.25777435302734	94.61392211914062	88.57645416259766	124.20697021484375
uninfected	0.06794002652168274	189.31845092773438	2.8295860290527344	209.53689575195312	34.0413818359375
infected	0.05677155405282974	213.09796142578125	37.10470199584961	235.6540985107422	69.12232971191406
