uninfected	0.9980887770652771	81.29618835449219	61.4826545715332	100.3038101196289	88.207275390625
uninfected	0.9978600144386292	50.03996658325195	47.983734130859375	70.6804428100586	72.3658447265625
uninfected	0.9976626634597778	96.95784759521484	147.03733825683594	115.6259536743164	172.39649963378906
uninfected	0.9965419173240662	80.39392852783203	218.2366943359375	98.83980560302734	242.49783325195312
uninfected	0.9964046478271484	66.66606140136719	32.55552673339844	87.455078125	58.68052673339844
uninfected	0.9956284761428833	223.83132934570312	39.87675857543945	243.89425659179688	68.52560424804688
uninfected	0.9954895377159119	87.1883544921875	23.276269912719727	105.77208709716797	47.85110855102539
uninfected	0.9949682354927063	152.94491577148438	34.59729766845703	171.75418090820312	64.50110626220703
uninfected	0.9884048700332642	125.54434967041016	192.39686584472656	145.58802795410156	217.7108612060547
uninfected	0.9878028035163879	146.46376037597656	106.22091674804688	168.79452514648438	131.40672302246094
uninfected	0.9861987829208374	112.09661865234375	110.80325317382812	132.25486755371094	134.97483825683594
uninfected	0.9860952496528625	120.29399108886719	214.38238525390625	138.27174377441406	237.7166748046875
uninfected	0.9848554730415344	40.11354446411133	20.705623626708984	61.436004638671875	47.26544952392578
uninfected	0.984588086605072	187.63575744628906	160.66952514648438	206.5812225341797	183.27862548828125
uninfected	0.9837659597396851	151.08851623535156	130.49659729003906	169.76182556152344	154.39578247070312
uninfected	0.9807104468345642	165.16436767578125	92.32945251464844	181.19281005859375	118.60130310058594
uninfected	0.9705983400344849	178.7421417236328	53.623626708984375	199.57139587402344	78.61457061767578
uninfected	0.9612714052200317	49.360809326171875	5.600424766540527	68.52257537841797	31.593490600585938
uninfected	0.9474361538887024	193.4484405517578	39.01415252685547	214.79898071289062	62.24532699584961
uninfected	0.9096705317497253	178.5287322998047	88.03662109375	193.8266143798828	122.54026794433594
uninfected	0.9010191559791565	141.43699645996094	61.39216613769531	160.15760803222656	85.86518096923828
uninfected	0.8979798555374146	176.96530151367188	216.5916290283203	197.3954315185547	241.12796020507812
uninfected	0.8875794410705566	95.43943786621094	73.06689453125	114.96553802490234	101.82177734375
uninfected	0.8840758204460144	94.61226654052734	122.10697174072266	112.3001708984375	148.8002166748047
uninfected	0.8728989958763123	137.5118865966797	215.85227966308594	156.15878295898438	240.33670043945312
uninfected	0.8690335750579834	190.03587341308594	94.08013153076172	209.62677001953125	118.93677520751953
uninfected	0.8683607578277588	154.08505249023438	206.79733276367188	172.2980499267578	231.03944396972656
infected	0.8409309983253479	202.06906127929688	56.015281677246094	224.12445068359375	81.28300476074219
uninfected	0.8330499529838562	167.5702362060547	134.8935089111328	187.57522583007812	159.12974548339844
uninfected	0.8300974369049072	85.72750091552734	102.31188201904297	103.88970184326172	126.07270050048828
uninfected	0.830012857913971	195.592529296875	15.899897575378418	212.78167724609375	41.86392593383789
uninfected	0.7959586381912231	183.09768676757812	179.9909210205078	203.34335327148438	202.38931274414062
uninfected	0.7712231278419495	70.7175064086914	110.4166488647461	87.83250427246094	135.44903564453125
infected	0.7550328373908997	117.09487915039062	46.568382263183594	144.94534301757812	70.3912124633789
uninfected	0.7383304238319397	161.14111328125	157.37562561035156	180.035400390625	181.10305786132812
uninfected	0.6598436236381531	41.78614807128906	151.01449584960938	65.82221984863281	172.31863403320312
infected	0.6382911801338196	210.14906311035156	3.8922276496887207	232.0681915283203	30.891923904418945
uninfected	0.5852580666542053	169.83949279785156	199.47653198242188	195.3651885986328	221.46575927734375
infected	0.5727318525314331	47.48030090332031	170.54788208007812	74.84282684326172	192.9625701904297
uninfected	0.556359052658081	186.73948669433594	124.85922241210938	204.3263702392578	148.53009033203125
uninfected	0.5441792011260986	109.87344360351562	90.09599304199219	138.87948608398438	115.63427734375
uninfected	0.5135221481323242	147.33103942871094	229.78016662597656	166.56326293945312	253.4368133544922
uninfected	0.4846808612346649	25.072277069091797	191.00259399414062	43.22135543823242	216.884033203125
uninfected	0.4691208004951477	166.1698760986328	176.68194580078125	185.31124877929688	203.83721923828125
uninfected	0.4173705279827118	48.54136276245117	130.6162872314453	67.15296936035156	158.973876953125
uninfected	0.41527891159057617	149.81248474121094	171.97348022460938	166.99923706054688	200.3249969482422
uninfected	0.38958457112312317	212.015625	25.9289493560791	234.996826171875	47.33563232421875
uninfected	0.372011661529541	68.45742797851562	197.70997619628906	87.39228057861328	227.0325927734375
infected	0.31081029772758484	149.4199676513672	172.52191162109375	167.4726104736328	201.17703247070312
uninfected	0.2621016800403595	116.76595306396484	45.283660888671875	144.53921508789062	71.02826690673828
uninfected	0.25659969449043274	196.89007568359375	122.16024780273438	211.606201171875	142.88677978515625
uninfected	0.2422751486301422	67.07620239257812	150.00930786132812	87.26433563232422	170.54879760742188
infected	0.18880979716777802	85.38227081298828	110.06669616699219	102.968017578125	134.44369506835938
uninfected	0.1707182377576828	23.709808349609375	215.0561065673828	43.04009246826172	240.48895263671875
uninfected	0.15840944647789001	110.77847290039062	63.76362991333008	129.3860321044922	91.03194427490234
uninfected	0.15540486574172974	60.64107894897461	127.93412017822266	82.4164047241211	157.5175323486328
uninfected	0.12221899628639221	186.71292114257812	71.06724548339844	205.3808135986328	94.35079956054688
infected	0.10364281386137009	85.63843536376953	118.66683959960938	99.5853271484375	136.06729125976562
uninfected	0.0980159118771553	32.513885498046875	0.0	51.800193786621094	24.392457962036133
