uninfected	0.9996423721313477	129.53662109375	74.693359375	145.38015747070312	98.75667572021484
uninfected	0.9996389150619507	117.83231353759766	105.19612884521484	135.0734405517578	128.86398315429688
uninfected	0.9995833039283752	175.09173583984375	87.7549819946289	192.91610717773438	111.61103057861328
uninfected	0.999413251876831	160.80648803710938	188.78121948242188	180.796630859375	213.35903930664062
uninfected	0.9993374943733215	27.684940338134766	94.26803588867188	47.30206298828125	120.32198333740234
uninfected	0.9993009567260742	156.94976806640625	153.99305725097656	174.28839111328125	177.4602508544922
uninfected	0.9992664456367493	92.53543090820312	22.9527530670166	108.86876678466797	48.04853439331055
uninfected	0.9989994168281555	196.01708984375	115.14213562011719	212.18563842773438	136.1774444580078
uninfected	0.9989016056060791	194.5492706298828	2.8481249809265137	212.75735473632812	31.66086769104004
uninfected	0.9988976716995239	130.72152709960938	26.29191780090332	150.36485290527344	51.37500762939453
uninfected	0.9988952875137329	232.08316040039062	189.55625915527344	250.14366149902344	213.762939453125
uninfected	0.9988865256309509	79.28750610351562	33.44788360595703	97.98578643798828	57.293792724609375
uninfected	0.9986623525619507	140.0016632080078	170.37782287597656	161.31326293945312	190.76942443847656
uninfected	0.9986456036567688	145.37454223632812	75.40029907226562	163.84681701660156	101.61347198486328
uninfected	0.9986152648925781	109.76702880859375	32.39478302001953	131.78065490722656	54.66480255126953
uninfected	0.9985791444778442	160.4309844970703	22.242401123046875	177.77903747558594	49.08000564575195
uninfected	0.9984568357467651	149.18797302246094	112.19956970214844	168.51931762695312	136.67251586914062
uninfected	0.9982851147651672	211.1991424560547	65.15979766845703	230.41831970214844	92.4146728515625
uninfected	0.9982849955558777	11.512530326843262	208.63873291015625	29.705345153808594	236.67539978027344
uninfected	0.9982033967971802	195.62669372558594	94.78292083740234	215.31399536132812	118.14209747314453
uninfected	0.9981916546821594	26.844736099243164	63.04159164428711	48.5539436340332	87.11811065673828
uninfected	0.9981634020805359	46.04795837402344	170.46881103515625	64.48055267333984	194.689697265625
uninfected	0.998137354850769	49.68194580078125	79.06607818603516	67.07219696044922	107.8499755859375
uninfected	0.997791051864624	133.9127197265625	138.76478576660156	152.0491485595703	160.59580993652344
uninfected	0.9977750182151794	78.71257019042969	7.000889778137207	97.319091796875	31.352352142333984
uninfected	0.997448205947876	42.3232421875	28.25248908996582	59.88070297241211	52.66401672363281
uninfected	0.9973710775375366	223.07742309570312	77.6364974975586	243.12132263183594	102.72232818603516
uninfected	0.997349739074707	176.86862182617188	149.2340850830078	196.01182556152344	178.76675415039062
uninfected	0.9971420168876648	68.52532196044922	20.768524169921875	84.77765655517578	47.354984283447266
uninfected	0.9963841438293457	208.4764404296875	1.6627343893051147	228.39691162109375	27.80788230895996
uninfected	0.9963604807853699	138.70486450195312	8.694045066833496	159.05380249023438	36.60880661010742
uninfected	0.9952677488327026	42.75394058227539	106.1202621459961	60.042083740234375	132.90736389160156
uninfected	0.9946942925453186	58.838134765625	4.755685806274414	77.58113861083984	26.11711311340332
uninfected	0.9946684241294861	44.34710693359375	194.6322784423828	66.53643035888672	215.52903747558594
uninfected	0.9946140646934509	186.49632263183594	121.5483169555664	203.7422637939453	146.72085571289062
uninfected	0.9930835962295532	160.6971893310547	73.74654388427734	174.6144561767578	99.15985870361328
uninfected	0.9903530478477478	205.05528259277344	135.2518768310547	224.50071716308594	157.9352569580078
uninfected	0.9870796799659729	54.65754699707031	18.73489761352539	70.61865234375	49.454437255859375
uninfected	0.9790394902229309	212.99476623535156	117.02091217041016	232.031005859375	147.07720947265625
uninfected	0.9691266417503357	67.3209457397461	143.81764221191406	82.62608337402344	167.69789123535156
uninfected	0.9671045541763306	226.97317504882812	105.57523345947266	245.4175567626953	133.2982940673828
infected	0.9097349643707275	70.6302719116211	109.40672302246094	92.3345947265625	135.62457275390625
uninfected	0.882503867149353	59.810707092285156	117.26963806152344	79.90509033203125	146.55404663085938
uninfected	0.7950311303138733	15.750185012817383	0.8898108005523682	29.8011474609375	24.766986846923828
uninfected	0.7680140137672424	213.70091247558594	92.68120574951172	230.21498107910156	124.68276977539062
uninfected	0.5721045136451721	199.91119384765625	2.3434436321258545	220.22462463378906	29.975141525268555
uninfected	0.4372159242630005	52.54033660888672	148.62969970703125	68.71778869628906	177.2262420654297
infected	0.12906032800674438	59.739524841308594	116.75962829589844	80.39198303222656	146.9197235107422
