uninfected	0.9993966817855835	28.966571807861328	22.680429458618164	45.08218002319336	44.793701171875
uninfected	0.9992557168006897	201.15457153320312	181.66542053222656	217.4989776611328	203.40538024902344
uninfected	0.9991756081581116	33.2208251953125	191.5892333984375	50.652679443359375	214.56353759765625
uninfected	0.9990730285644531	60.69060516357422	16.35767936706543	79.58973693847656	40.72838592529297
uninfected	0.9989815354347229	4.445415019989014	192.4757537841797	21.2123966217041	214.18118286132812
uninfected	0.9987014532089233	39.08544921875	123.91243743896484	55.93512725830078	146.84494018554688
uninfected	0.9986924529075623	42.0384521484375	147.24000549316406	60.065608978271484	171.11129760742188
uninfected	0.9983318448066711	43.89598083496094	222.95367431640625	59.085384368896484	242.1599884033203
uninfected	0.9968324303627014	100.80419921875	20.310623168945312	117.51347351074219	44.49289321899414
uninfected	0.9966392517089844	210.94390869140625	33.63880157470703	228.3067169189453	58.00215148925781
uninfected	0.9959679841995239	50.88136672973633	190.352294921875	65.57526397705078	213.42413330078125
uninfected	0.9951978325843811	9.530349731445312	68.42891693115234	27.19205093383789	94.6705093383789
uninfected	0.994821310043335	169.0173797607422	161.94479370117188	187.8904266357422	187.8564453125
uninfected	0.9947146773338318	76.39328002929688	210.4017791748047	94.60923767089844	234.15110778808594
uninfected	0.9939916729927063	46.960086822509766	20.280134201049805	60.91220474243164	43.107627868652344
uninfected	0.9938667416572571	14.357033729553223	93.94264221191406	30.0166072845459	113.10287475585938
uninfected	0.9934442043304443	197.8693389892578	62.17171859741211	216.47959899902344	86.15314483642578
uninfected	0.9933542013168335	215.990966796875	114.32421875	232.76632690429688	139.6361083984375
uninfected	0.9929157495498657	182.62425231933594	150.65512084960938	202.6376495361328	174.8429718017578
uninfected	0.9895930290222168	34.592342376708984	97.88156127929688	51.46925735473633	124.51786804199219
uninfected	0.9891752600669861	82.43405151367188	74.16410827636719	100.88713836669922	98.47959899902344
uninfected	0.9878169894218445	179.76409912109375	65.52808380126953	195.6259765625	88.61870574951172
uninfected	0.9854782819747925	186.2532958984375	196.06228637695312	204.32826232910156	216.2873992919922
uninfected	0.9825659990310669	53.31932067871094	42.98459243774414	69.2557373046875	67.24723815917969
uninfected	0.9802902340888977	216.92005920410156	56.97523498535156	233.66973876953125	81.15827941894531
uninfected	0.9800192713737488	78.24642181396484	28.250389099121094	95.76886749267578	49.500091552734375
uninfected	0.9695835709571838	161.87728881835938	186.9781951904297	180.1044464111328	213.640380859375
uninfected	0.9687119722366333	176.99497985839844	179.2816925048828	196.85665893554688	203.4142303466797
uninfected	0.9453399181365967	185.52777099609375	41.249412536621094	203.18675231933594	67.71772003173828
uninfected	0.9315300583839417	160.156494140625	152.01956176757812	179.2646026611328	177.31332397460938
uninfected	0.9114700555801392	136.33798217773438	1.8685204982757568	151.80712890625	24.872472763061523
uninfected	0.49453291296958923	198.89930725097656	212.0173797607422	210.56126403808594	228.1923370361328
uninfected	0.46800315380096436	167.4699249267578	213.90354919433594	185.447021484375	236.32777404785156
infected	0.45408210158348083	118.73693084716797	73.95211029052734	133.8339080810547	93.98619842529297
uninfected	0.4271295368671417	165.15560913085938	156.3216552734375	184.5904083251953	183.6174774169922
uninfected	0.12034960836172104	74.54373168945312	1.0945929288864136	88.84434509277344	17.975576400756836
uninfected	0.07622566819190979	31.59117889404297	0.0	46.58161163330078	19.8962459564209
