uninfected	0.9996728897094727	194.16107177734375	77.9830322265625	213.51524353027344	102.33832550048828
uninfected	0.9996635913848877	140.20933532714844	115.79117584228516	157.65689086914062	139.9478759765625
uninfected	0.9996117949485779	202.22463989257812	18.21906280517578	218.2918243408203	41.43917465209961
uninfected	0.9995729327201843	23.417104721069336	97.53437042236328	41.84414291381836	122.24714660644531
uninfected	0.9994354844093323	53.84190368652344	200.6945037841797	71.1454849243164	223.32142639160156
uninfected	0.9993712306022644	94.49749755859375	196.15744018554688	111.82453155517578	220.61209106445312
uninfected	0.9992189407348633	230.10162353515625	218.05113220214844	247.80911254882812	241.67112731933594
uninfected	0.999218225479126	6.260927677154541	7.785494327545166	23.18593978881836	30.321048736572266
uninfected	0.9991462230682373	110.22708892822266	175.03543090820312	127.76859283447266	199.849365234375
uninfected	0.9991139769554138	75.09336853027344	214.76361083984375	94.25714874267578	239.7767791748047
uninfected	0.9990461468696594	94.47803497314453	158.746337890625	112.91152954101562	182.29954528808594
uninfected	0.9989169836044312	122.44512176513672	132.42950439453125	136.29774475097656	153.54415893554688
uninfected	0.9988287091255188	218.16868591308594	3.6888487339019775	236.55860900878906	31.5028076171875
uninfected	0.9988150596618652	10.515463829040527	197.23977661132812	24.85710334777832	219.6290740966797
uninfected	0.998795747756958	135.91632080078125	199.90960693359375	152.74110412597656	222.88796997070312
uninfected	0.9985936284065247	120.35377502441406	207.23516845703125	139.65316772460938	232.213134765625
uninfected	0.9985679388046265	24.128231048583984	198.61331176757812	40.65214920043945	228.20733642578125
uninfected	0.9984604120254517	2.147468328475952	222.57577514648438	21.116464614868164	244.74530029296875
uninfected	0.9972569346427917	231.9666290283203	111.02578735351562	251.44288635253906	131.84164428710938
uninfected	0.997114896774292	130.3695526123047	47.64111328125	146.29454040527344	66.98973846435547
uninfected	0.9963089823722839	135.27020263671875	81.05828094482422	149.77671813964844	107.30992126464844
uninfected	0.9962683916091919	190.97914123535156	202.4338836669922	210.2703094482422	230.80130004882812
uninfected	0.994515597820282	72.26824188232422	32.61518096923828	88.3550796508789	55.32596206665039
uninfected	0.994300127029419	0.9851006865501404	49.67759704589844	17.37061309814453	73.17391204833984
uninfected	0.9918646216392517	157.38259887695312	160.33563232421875	171.97149658203125	179.5082550048828
uninfected	0.9869632124900818	225.96148681640625	126.78656005859375	246.45713806152344	148.78134155273438
uninfected	0.9772059917449951	187.41807556152344	8.946487426757812	202.79202270507812	32.560298919677734
uninfected	0.9624882936477661	146.98236083984375	34.682151794433594	160.98410034179688	51.07030487060547
uninfected	0.9586501717567444	71.2568359375	191.39154052734375	85.68614196777344	211.16094970703125
uninfected	0.8986079096794128	102.2828598022461	61.88810348510742	113.82221221923828	77.4823989868164
uninfected	0.8849233388900757	78.58927917480469	138.575439453125	94.82749938964844	163.9375
infected	0.8829351663589478	34.24649429321289	149.12571716308594	52.566162109375	179.63427734375
infected	0.5044577717781067	165.409912109375	11.953991889953613	183.91053771972656	33.23942565917969
infected	0.31159210205078125	100.66301727294922	94.76445770263672	117.27662658691406	112.2785415649414
uninfected	0.13293637335300446	85.21536254882812	41.90854263305664	96.39998626708984	63.89986038208008
uninfected	0.13194645941257477	101.41859436035156	94.74969482421875	116.97077941894531	111.72467803955078
infected	0.09703207015991211	78.58497619628906	138.43861389160156	95.0177230834961	164.01351928710938
uninfected	0.06863567978143692	177.3632354736328	18.91050910949707	192.3592529296875	35.88913345336914
uninfected	0.06492883712053299	49.39857482910156	0.0	66.62928771972656	19.152841567993164
uninfected	0.062024232000112534	242.10316467285156	89.42052459716797	255.61093139648438	110.48686981201172
