uninfected	0.9990648627281189	215.96311950683594	176.52325439453125	233.82757568359375	199.99603271484375
uninfected	0.998872697353363	195.09983825683594	156.62054443359375	212.29354858398438	182.0270233154297
uninfected	0.9984654188156128	217.71060180664062	211.31689453125	238.61868286132812	234.70770263671875
uninfected	0.998275637626648	119.48948669433594	50.953041076660156	138.81524658203125	76.15828704833984
uninfected	0.9982383251190186	67.11298370361328	46.45809555053711	84.73890686035156	72.89624786376953
uninfected	0.998193085193634	108.61695098876953	165.49415588378906	125.98988342285156	193.9982147216797
uninfected	0.9975045323371887	82.69938659667969	41.68484878540039	99.66590881347656	68.84857940673828
uninfected	0.9968156218528748	73.00310516357422	69.78060150146484	91.92618560791016	93.44764709472656
uninfected	0.9961734414100647	154.13462829589844	167.87554931640625	172.8002471923828	188.3155059814453
uninfected	0.9960750937461853	7.949136257171631	202.96766662597656	26.41715431213379	227.92922973632812
uninfected	0.9955902099609375	212.36065673828125	158.35699462890625	232.50343322753906	179.09585571289062
uninfected	0.9953277111053467	199.17092895507812	223.99246215820312	217.01234436035156	247.75140380859375
uninfected	0.9950897693634033	13.426430702209473	109.09929656982422	31.23564910888672	132.65179443359375
uninfected	0.9934701919555664	107.97744750976562	214.41778564453125	127.82049560546875	241.24533081054688
uninfected	0.9911892414093018	131.55003356933594	177.3964385986328	147.67333984375	202.3953399658203
uninfected	0.9885209798812866	92.53862762451172	78.83787536621094	113.21746063232422	102.3290023803711
uninfected	0.9823369979858398	201.02178955078125	178.95718383789062	219.45616149902344	205.66566467285156
uninfected	0.9822037220001221	108.092041015625	192.9159393310547	127.20016479492188	218.2429656982422
uninfected	0.9791343212127686	19.399599075317383	218.59706115722656	41.25525665283203	242.42214965820312
uninfected	0.9581061005592346	167.40237426757812	144.44737243652344	184.14608764648438	168.9315643310547
uninfected	0.9485018253326416	119.8529052734375	175.927978515625	135.9425506591797	208.4154510498047
uninfected	0.941214919090271	194.80218505859375	194.0222625732422	219.47218322753906	220.84706115722656
uninfected	0.9032025933265686	124.07443237304688	210.5264434814453	142.36746215820312	239.68980407714844
uninfected	0.9022788405418396	146.20713806152344	185.2931365966797	164.20899963378906	210.1478729248047
uninfected	0.8723524212837219	14.295580863952637	74.56168365478516	32.83522415161133	103.1748046875
uninfected	0.8664597868919373	188.9091339111328	57.69761657714844	206.10780334472656	84.28630828857422
uninfected	0.8490137457847595	0.33463072776794434	223.4232635498047	17.964244842529297	247.19688415527344
uninfected	0.8409663438796997	183.00831604003906	197.67144775390625	203.6131134033203	222.3738250732422
uninfected	0.8367538452148438	179.62841796875	219.2851104736328	199.70985412597656	243.8512420654297
uninfected	0.8351166248321533	166.2977752685547	183.18411254882812	188.5059356689453	204.2526397705078
uninfected	0.809565544128418	141.76788330078125	219.83621215820312	159.760986328125	248.06756591796875
infected	0.8083025813102722	91.0748291015625	54.57997131347656	114.77448272705078	81.07952117919922
uninfected	0.5815600752830505	158.17062377929688	223.18670654296875	173.68223571777344	247.27850341796875
uninfected	0.4535942077636719	224.5800323486328	74.4098129272461	235.646484375	92.65139770507812
uninfected	0.4127177894115448	161.0387725830078	195.6008758544922	184.1840362548828	216.9751739501953
uninfected	0.3981132209300995	91.23828125	54.609619140625	114.51970672607422	80.91578674316406
uninfected	0.3226066827774048	175.4539031982422	25.099124908447266	194.084716796875	49.94004821777344
uninfected	0.2922131419181824	135.60313415527344	197.79959106445312	158.0255889892578	221.242431640625
uninfected	0.19502145051956177	158.86705017089844	210.12940979003906	181.4562530517578	228.30030822753906
uninfected	0.14569833874702454	200.86865234375	37.97536849975586	220.1799774169922	61.64008712768555
uninfected	0.07036092132329941	72.31107330322266	44.354652404785156	91.46920776367188	72.05023956298828
