uninfected	0.9995948672294617	63.12847900390625	169.78651428222656	78.4898452758789	192.9384002685547
uninfected	0.9994034767150879	70.17230224609375	136.86289978027344	86.2550277709961	159.47506713867188
uninfected	0.9990628361701965	117.27971649169922	60.52084732055664	133.3972930908203	85.2489242553711
uninfected	0.9989445805549622	79.04497528076172	160.86911010742188	94.77678680419922	184.78036499023438
uninfected	0.9983945488929749	82.75032043457031	114.05121612548828	100.48912811279297	141.4481964111328
uninfected	0.9983158111572266	112.23351287841797	102.40194702148438	132.38339233398438	125.3354263305664
uninfected	0.9982637763023376	66.88188171386719	4.837766170501709	83.68785858154297	27.73511505126953
uninfected	0.9977731108665466	132.9248504638672	52.09086227416992	148.4274444580078	74.8188247680664
uninfected	0.9972772002220154	123.17633819580078	146.19039916992188	139.2917022705078	171.5618896484375
uninfected	0.9970192909240723	98.98821258544922	108.85055541992188	114.18010711669922	129.9651641845703
uninfected	0.9965623021125793	117.11628723144531	34.85076904296875	133.40370178222656	62.71915817260742
uninfected	0.9964575171470642	24.81103515625	184.556884765625	39.92628479003906	204.86740112304688
uninfected	0.9958576560020447	50.80561447143555	14.112526893615723	67.54737854003906	33.678009033203125
uninfected	0.9955121874809265	130.6281280517578	118.35401153564453	149.05377197265625	146.5163116455078
uninfected	0.9953820109367371	144.718017578125	130.69271850585938	163.1614227294922	157.09063720703125
uninfected	0.9953340888023376	72.90230560302734	102.14085388183594	88.71146392822266	122.88175201416016
uninfected	0.9904638528823853	157.4823455810547	157.1231689453125	175.56417846679688	181.4169158935547
uninfected	0.9888245463371277	43.13148880004883	105.17255401611328	59.50194549560547	129.78530883789062
uninfected	0.9705025553703308	94.68531036376953	74.45349884033203	110.92462921142578	95.37950897216797
uninfected	0.9531915783882141	86.3014144897461	1.0978540182113647	108.7052230834961	20.618526458740234
infected	0.8578019142150879	94.47896575927734	45.241737365722656	116.38267517089844	77.2392349243164
uninfected	0.6991856098175049	44.94906234741211	0.1056237742304802	58.174442291259766	17.52699851989746
uninfected	0.3728630542755127	3.0760693550109863	9.047006607055664	15.224719047546387	22.906349182128906
uninfected	0.269448846578598	60.01099395751953	91.8909912109375	76.3539810180664	109.95716857910156
uninfected	0.2592088580131531	51.18492889404297	94.38026428222656	63.561824798583984	112.62010192871094
infected	0.24927642941474915	88.39549255371094	40.074546813964844	108.49100494384766	72.66742706298828
uninfected	0.2452070116996765	89.22246551513672	39.87708282470703	107.28311157226562	70.99256896972656
uninfected	0.12730859220027924	96.0868911743164	45.30316925048828	115.63624572753906	78.073486328125
uninfected	0.09873857349157333	45.180355072021484	28.627342224121094	55.8255615234375	51.75086212158203
infected	0.06990306079387665	10.608964920043945	122.72779083251953	28.718116760253906	144.05087280273438
