uninfected	0.9989280104637146	194.4304962158203	147.94297790527344	213.42776489257812	173.45391845703125
uninfected	0.9988669157028198	231.76589965820312	54.22296905517578	249.77511596679688	79.71263122558594
uninfected	0.9988271594047546	110.87407684326172	66.17310333251953	127.25181579589844	88.8744888305664
uninfected	0.9985414743423462	97.00174713134766	29.98463249206543	112.16490936279297	54.439300537109375
uninfected	0.9984826445579529	41.42801284790039	65.87459564208984	59.36228942871094	91.23198699951172
uninfected	0.9983205199241638	85.14271545410156	54.747318267822266	102.68950653076172	78.42894744873047
uninfected	0.9982842803001404	204.91001892089844	110.25856018066406	220.92306518554688	132.0169219970703
uninfected	0.9982811212539673	151.1076202392578	108.44970703125	166.77499389648438	132.05203247070312
uninfected	0.9980796575546265	135.58154296875	186.5623779296875	152.91497802734375	213.8856201171875
uninfected	0.9980668425559998	105.21642303466797	126.6364974975586	123.78573608398438	151.84945678710938
uninfected	0.9978935122489929	111.51923370361328	18.423320770263672	128.6666717529297	41.73794174194336
uninfected	0.9976630210876465	130.74766540527344	20.272111892700195	150.0026397705078	46.549476623535156
uninfected	0.9975208640098572	61.48141098022461	134.8859100341797	80.58546447753906	162.5078887939453
uninfected	0.9974984526634216	171.5803680419922	120.0250473022461	190.53802490234375	144.4049530029297
uninfected	0.997484564781189	15.222926139831543	56.18843078613281	32.222190856933594	77.73219299316406
uninfected	0.9973815083503723	16.081035614013672	79.30467224121094	34.41315841674805	102.62786102294922
uninfected	0.997215986251831	111.9999008178711	89.97886657714844	130.97811889648438	115.27312469482422
uninfected	0.9962900876998901	25.301063537597656	21.840559005737305	41.14952850341797	42.90061569213867
uninfected	0.996088981628418	165.64146423339844	86.14995574951172	184.12649536132812	109.91407775878906
uninfected	0.9958850741386414	21.778940200805664	215.3861083984375	39.35649490356445	241.2288818359375
uninfected	0.9956901669502258	191.2141876220703	55.1962890625	209.3507537841797	78.31892395019531
uninfected	0.9946868419647217	110.08831787109375	152.20664978027344	129.64657592773438	178.85031127929688
uninfected	0.9943828582763672	142.36073303222656	131.35194396972656	161.3117218017578	155.8712158203125
uninfected	0.9938562512397766	40.85399627685547	10.406987190246582	59.77440643310547	35.17085266113281
uninfected	0.9875437021255493	203.3388214111328	25.419286727905273	222.83746337890625	51.9484748840332
uninfected	0.9449939131736755	30.859561920166016	42.68833923339844	49.80555725097656	67.78949737548828
infected	0.8868618607521057	213.86773681640625	121.21444702148438	235.8212890625	151.82696533203125
infected	0.8705129027366638	56.47993469238281	15.790416717529297	78.10820007324219	43.312217712402344
infected	0.6987854838371277	93.4076156616211	209.56370544433594	112.72515106201172	238.87753295898438
uninfected	0.4949556291103363	56.43156433105469	59.25239181518555	68.82365417480469	75.8653793334961
uninfected	0.0857374519109726	213.905517578125	122.67869567871094	235.14279174804688	153.27525329589844
