uninfected	0.998781144618988	38.29887771606445	198.22174072265625	55.476200103759766	223.50677490234375
uninfected	0.9975147247314453	41.85175704956055	219.45074462890625	60.733699798583984	243.03433227539062
uninfected	0.9971957206726074	49.6303596496582	141.3664093017578	69.17259979248047	167.40830993652344
uninfected	0.994515061378479	124.74342346191406	214.4975128173828	144.5613555908203	239.28700256347656
uninfected	0.9938836097717285	143.28817749023438	209.3308563232422	160.7836456298828	237.68264770507812
uninfected	0.9890661239624023	128.48780822753906	191.22259521484375	149.48959350585938	211.58111572265625
uninfected	0.9876804351806641	138.3108673095703	174.8650360107422	151.80299377441406	194.68858337402344
uninfected	0.9856069087982178	66.70674896240234	204.43927001953125	82.4804458618164	231.7640838623047
uninfected	0.9768593907356262	55.333343505859375	201.2615509033203	70.81591033935547	228.2237091064453
uninfected	0.9741841554641724	234.3242645263672	217.72900390625	254.29356384277344	243.09837341308594
uninfected	0.9726459383964539	75.21041107177734	222.42539978027344	95.60624694824219	245.60919189453125
uninfected	0.9607113599777222	52.44371795654297	176.56417846679688	74.44461822509766	204.0908203125
uninfected	0.9603388905525208	92.08068084716797	121.3935775756836	111.62425231933594	144.8617401123047
uninfected	0.9555288553237915	82.70252990722656	186.56858825683594	100.85672760009766	209.6121368408203
uninfected	0.9549947381019592	115.5922622680664	169.7589874267578	138.4828643798828	193.38504028320312
uninfected	0.9487679600715637	118.70914459228516	128.02099609375	141.70635986328125	150.60081481933594
uninfected	0.9482671022415161	58.42934799194336	232.49234008789062	76.38080596923828	255.43312072753906
uninfected	0.9461963772773743	34.38539505004883	141.38458251953125	48.77113723754883	168.39700317382812
uninfected	0.9292024970054626	109.173828125	201.2201690673828	131.4340057373047	228.31314086914062
uninfected	0.9031959176063538	91.95375061035156	202.65724182128906	109.62126922607422	226.13775634765625
uninfected	0.8486336469650269	111.55757904052734	137.29066467285156	135.08299255371094	162.0250244140625
uninfected	0.8154082894325256	81.06153869628906	208.2771453857422	99.52880859375	232.63038635253906
uninfected	0.7870464324951172	111.96653747558594	157.6827850341797	138.0135955810547	179.88673400878906
uninfected	0.7762613296508789	24.883207321166992	209.893310546875	39.53614807128906	236.60472106933594
uninfected	0.7269300222396851	70.91817474365234	168.7693328857422	89.9366683959961	193.5106964111328
uninfected	0.5921013355255127	95.14046478271484	230.27325439453125	110.91658020019531	255.89254760742188
uninfected	0.3183934986591339	71.83009338378906	133.30355834960938	91.23664855957031	156.07228088378906
uninfected	0.3134966194629669	87.4874267578125	165.0129852294922	113.52985382080078	194.19454956054688
infected	0.3132624924182892	87.68873596191406	165.57720947265625	113.33248901367188	194.72071838378906
uninfected	0.13279668986797333	57.92307662963867	149.36944580078125	85.34968566894531	186.36569213867188
