uninfected	0.9928255081176758	10.898550987243652	205.84445190429688	27.828861236572266	232.04261779785156
uninfected	0.9909886717796326	22.019512176513672	195.83966064453125	41.21840286254883	223.12774658203125
uninfected	0.9892228841781616	27.797348022460938	63.79864501953125	46.59552764892578	87.46722412109375
uninfected	0.9884287714958191	138.7003631591797	161.75900268554688	155.7027587890625	185.7053985595703
uninfected	0.9882888793945312	0.982833206653595	136.8732452392578	18.54999542236328	162.06297302246094
uninfected	0.9868822693824768	7.114851474761963	159.6005859375	24.05122184753418	181.34194946289062
uninfected	0.9865256547927856	59.72787857055664	199.9988555908203	80.4546890258789	222.85765075683594
uninfected	0.9820457100868225	9.360767364501953	119.30667877197266	27.784889221191406	143.80792236328125
uninfected	0.9796634316444397	157.636474609375	140.56939697265625	173.841796875	164.36415100097656
uninfected	0.979076623916626	105.3222427368164	33.27516555786133	125.10415649414062	53.5651741027832
uninfected	0.9769903421401978	17.661222457885742	97.72975158691406	35.56007385253906	124.4508056640625
uninfected	0.9701886177062988	46.04896926879883	63.8440055847168	62.77375411987305	88.82535552978516
uninfected	0.9640160202980042	30.210607528686523	172.66146850585938	46.376155853271484	199.6788787841797
uninfected	0.962193489074707	24.25335121154785	223.626953125	41.76898193359375	246.37542724609375
uninfected	0.9499540328979492	128.77960205078125	170.4650421142578	147.40184020996094	196.7705841064453
uninfected	0.9481220245361328	137.89791870117188	184.4876251220703	154.12123107910156	212.20867919921875
uninfected	0.9417040944099426	23.691923141479492	138.01959228515625	43.20943832397461	157.85838317871094
uninfected	0.9357752799987793	15.02267074584961	166.95187377929688	36.111663818359375	195.19183349609375
uninfected	0.9321686625480652	75.62306213378906	56.71364974975586	92.36109161376953	82.2655258178711
uninfected	0.9162617325782776	80.95603942871094	190.59141540527344	101.62434387207031	216.20326232910156
infected	0.8611720204353333	45.04377746582031	184.6708984375	72.25173950195312	212.38511657714844
uninfected	0.787155270576477	27.73328971862793	153.6390838623047	47.54070281982422	175.6875762939453
uninfected	0.7845436334609985	174.70384216308594	144.0092010498047	191.58274841308594	166.44577026367188
uninfected	0.7671003341674805	172.5179901123047	47.663875579833984	189.16510009765625	73.1169204711914
uninfected	0.5871791839599609	71.72521209716797	176.9966583251953	88.15176391601562	201.9801788330078
uninfected	0.5828821659088135	212.34274291992188	200.65960693359375	232.37306213378906	225.31851196289062
uninfected	0.5430055856704712	144.85826110839844	45.470970153808594	161.41281127929688	71.87468719482422
uninfected	0.5390487313270569	186.6088409423828	54.03683090209961	205.54466247558594	76.66146087646484
uninfected	0.49616754055023193	132.31703186035156	165.75303649902344	152.8366241455078	191.5399627685547
uninfected	0.48197564482688904	121.23494720458984	152.84474182128906	139.17630004882812	176.33334350585938
uninfected	0.4446360170841217	150.28289794921875	190.14752197265625	170.86187744140625	215.14715576171875
uninfected	0.44301217794418335	77.70481872558594	153.97320556640625	96.59064483642578	178.41944885253906
uninfected	0.44152143597602844	62.364418029785156	60.2723503112793	76.34794616699219	87.27752685546875
uninfected	0.4050735831260681	111.84291076660156	198.52101135253906	130.48028564453125	225.70530700683594
uninfected	0.3634708523750305	204.7347869873047	222.85455322265625	222.493408203125	247.6448516845703
uninfected	0.34751996397972107	129.62899780273438	41.300628662109375	147.16738891601562	69.09437561035156
uninfected	0.24861660599708557	105.38279724121094	174.47276306152344	126.13553619384766	202.0047149658203
uninfected	0.1997864842414856	44.53675842285156	184.96888732910156	71.34866333007812	213.72447204589844
uninfected	0.12366107106208801	130.93910217285156	214.51966857910156	149.01437377929688	238.83607482910156
uninfected	0.11357684433460236	185.14077758789062	163.0915069580078	202.00143432617188	185.2337646484375
uninfected	0.11167241632938385	217.599609375	129.7489776611328	238.77113342285156	150.26307678222656
uninfected	0.10728584975004196	27.518714904785156	115.29674530029297	49.25056457519531	141.5429229736328
uninfected	0.1051708236336708	209.48651123046875	89.70429229736328	231.79124450683594	112.40431213378906
uninfected	0.0970478430390358	177.51593017578125	185.22427368164062	194.2256622314453	204.10040283203125
uninfected	0.09229578077793121	137.78717041015625	123.62602233886719	154.2688751220703	149.40914916992188
uninfected	0.06619789451360703	74.25019073486328	213.5198516845703	93.94099426269531	241.9437713623047
uninfected	0.0648663267493248	217.73341369628906	108.23484802246094	238.7374725341797	131.65625
uninfected	0.06230287626385689	93.01592254638672	57.03755569458008	105.53276062011719	81.20289611816406
uninfected	0.05605616420507431	131.9684295654297	129.8344268798828	148.63841247558594	159.08937072753906
uninfected	0.05468275770545006	87.57408905029297	172.4008331298828	107.83721160888672	194.9983367919922
