uninfected	0.9990739822387695	179.2503662109375	88.4675064086914	196.83013916015625	112.88162994384766
uninfected	0.9990679621696472	18.866662979125977	219.72039794921875	36.48976516723633	242.6555938720703
uninfected	0.9990454316139221	194.79710388183594	221.2543487548828	213.3115997314453	248.1000518798828
uninfected	0.9988683462142944	122.8241958618164	176.51466369628906	140.3590850830078	199.09291076660156
uninfected	0.9987016916275024	185.9862518310547	141.73484802246094	203.29421997070312	164.02957153320312
uninfected	0.9985563158988953	27.043397903442383	113.23123931884766	45.92219543457031	137.72109985351562
uninfected	0.9984418749809265	30.812408447265625	160.6259765625	50.068973541259766	185.20269775390625
uninfected	0.9983044862747192	58.6727180480957	151.79063415527344	78.28392028808594	172.30230712890625
uninfected	0.9982897639274597	227.91339111328125	94.0986099243164	245.8580780029297	117.64263153076172
uninfected	0.9982783794403076	2.5170929431915283	204.3855438232422	18.650686264038086	226.25601196289062
uninfected	0.9982179999351501	61.26842498779297	127.81586456298828	79.53854370117188	151.12139892578125
uninfected	0.9981037378311157	142.06137084960938	204.49766540527344	161.03912353515625	230.59246826171875
uninfected	0.9980384707450867	83.85693359375	100.23145294189453	101.6488037109375	123.80596160888672
uninfected	0.9979658126831055	170.65768432617188	179.98922729492188	187.75827026367188	200.4944610595703
uninfected	0.9979530572891235	228.10800170898438	132.45787048339844	246.32772827148438	158.2488555908203
uninfected	0.997916042804718	223.20925903320312	36.71450424194336	241.81495666503906	60.97970199584961
uninfected	0.9978529214859009	4.762638568878174	151.8757781982422	21.53258514404297	173.8259735107422
uninfected	0.997710108757019	5.5125932693481445	127.01766967773438	21.170785903930664	151.47552490234375
uninfected	0.9976623058319092	19.969825744628906	36.82352066040039	39.64693069458008	60.89114761352539
uninfected	0.9975823163986206	122.78524780273438	128.2906494140625	141.400634765625	151.7023468017578
uninfected	0.9973272085189819	53.743743896484375	171.19830322265625	71.57154846191406	193.1993865966797
uninfected	0.9971693158149719	198.35372924804688	46.72053146362305	215.77915954589844	71.47306060791016
uninfected	0.9970169067382812	136.8500213623047	15.28577995300293	156.041015625	41.419471740722656
uninfected	0.9963061809539795	180.27359008789062	111.42630767822266	198.82569885253906	131.739990234375
uninfected	0.9959672689437866	133.22801208496094	231.34005737304688	148.84420776367188	253.57981872558594
uninfected	0.9959496259689331	62.08171844482422	7.665804386138916	81.45659637451172	32.37861633300781
uninfected	0.9959410429000854	111.41606140136719	71.96012878417969	129.75022888183594	95.7762451171875
uninfected	0.9958382844924927	50.928855895996094	102.9063949584961	64.73381805419922	123.77169036865234
uninfected	0.9952697157859802	181.9671173095703	186.3275146484375	198.3743133544922	207.66180419921875
uninfected	0.9950534701347351	72.83155822753906	21.570322036743164	91.39991760253906	48.64585876464844
uninfected	0.9945967197418213	148.17677307128906	231.8625946044922	164.82876586914062	253.3919219970703
uninfected	0.994550883769989	142.91366577148438	172.79563903808594	159.54905700683594	195.75119018554688
uninfected	0.9922630786895752	223.0491485595703	162.7001953125	242.57098388671875	185.2771453857422
uninfected	0.9887851476669312	177.76080322265625	162.21066284179688	191.85267639160156	179.9608154296875
uninfected	0.9884477257728577	166.9142608642578	144.7843017578125	182.53179931640625	163.17825317382812
uninfected	0.9661644697189331	135.49400329589844	156.83013916015625	151.66436767578125	180.6038360595703
uninfected	0.9487221837043762	59.18317413330078	77.77207946777344	77.16825103759766	104.78873443603516
uninfected	0.9308502078056335	239.42996215820312	2.438192129135132	255.8279266357422	24.373153686523438
uninfected	0.9281643033027649	126.51507568359375	147.784423828125	143.75526428222656	169.68096923828125
uninfected	0.9004093408584595	3.53936505317688	233.71591186523438	21.517101287841797	255.97071838378906
uninfected	0.7698251008987427	15.83410930633545	174.53842163085938	32.72340774536133	197.14251708984375
infected	0.7157087326049805	141.5074462890625	120.22123718261719	160.64418029785156	146.90371704101562
uninfected	0.42620447278022766	148.96316528320312	155.2912139892578	162.24917602539062	169.91677856445312
uninfected	0.10112597048282623	198.93731689453125	0.34716796875	217.5386505126953	20.87212371826172
uninfected	0.06018497049808502	144.66224670410156	49.917381286621094	163.83035278320312	75.47262573242188
