uninfected	0.9995366334915161	77.1695785522461	187.22622680664062	94.68131256103516	210.98529052734375
uninfected	0.9993674159049988	218.79171752929688	164.11398315429688	235.91636657714844	187.712890625
uninfected	0.9991450309753418	114.61753845214844	171.95626831054688	131.90074157714844	194.0661163330078
uninfected	0.9989312291145325	100.93199157714844	207.90933227539062	120.31285095214844	227.2772979736328
uninfected	0.9988467693328857	99.81449127197266	165.2417755126953	116.65035247802734	187.79193115234375
uninfected	0.9979813694953918	116.61922454833984	151.34677124023438	134.5973358154297	173.34771728515625
uninfected	0.997464656829834	129.69515991210938	206.2819061279297	145.6896209716797	227.22784423828125
uninfected	0.9973282814025879	209.37635803222656	63.763938903808594	225.0310516357422	86.41216278076172
uninfected	0.9972532391548157	204.8617706298828	99.43695068359375	221.43052673339844	122.77460479736328
uninfected	0.9968896508216858	220.8337860107422	1.1680431365966797	239.3612060546875	24.143529891967773
uninfected	0.9966011047363281	182.09552001953125	207.1229248046875	196.71188354492188	227.12452697753906
uninfected	0.9965445399284363	224.12998962402344	32.37434387207031	245.4033203125	56.13880920410156
uninfected	0.9963778853416443	160.92123413085938	228.80563354492188	179.09957885742188	252.2943572998047
uninfected	0.9961950778961182	210.92544555664062	91.10579681396484	230.49134826660156	113.79513549804688
uninfected	0.9927235245704651	131.64988708496094	172.49234008789062	149.74063110351562	195.01913452148438
uninfected	0.9918625354766846	138.53717041015625	223.0948944091797	157.06857299804688	246.9878692626953
uninfected	0.9637289643287659	1.3971203565597534	188.5813446044922	18.318603515625	212.74423217773438
uninfected	0.9271800518035889	213.2016143798828	2.031508684158325	230.4172821044922	22.778520584106445
infected	0.9229310750961304	164.16024780273438	172.98690795898438	185.46060180664062	199.0338592529297
infected	0.8139172196388245	46.075721740722656	72.3065414428711	66.14241027832031	92.09296417236328
uninfected	0.7937843203544617	79.44081115722656	221.09695434570312	92.0002212524414	237.49159240722656
uninfected	0.7643269896507263	173.15347290039062	169.01107788085938	189.67405700683594	190.2307891845703
uninfected	0.7476864457130432	206.82199096679688	13.035541534423828	222.67050170898438	32.477699279785156
uninfected	0.7395823001861572	167.38519287109375	91.51793670654297	180.895263671875	109.07215881347656
uninfected	0.7313894629478455	27.716691970825195	232.90771484375	41.69276809692383	255.65286254882812
uninfected	0.5231543779373169	171.69015502929688	67.18456268310547	188.1199188232422	92.4847412109375
uninfected	0.4495108425617218	160.79786682128906	45.67472457885742	177.29446411132812	70.51970672607422
infected	0.37897172570228577	98.0350112915039	42.03458786010742	117.97957611083984	64.61211395263672
infected	0.36484619975090027	169.8411865234375	169.53286743164062	189.64501953125	193.60227966308594
uninfected	0.3452880382537842	91.3281021118164	76.07698822021484	105.65457153320312	97.45575714111328
uninfected	0.2994442582130432	52.01662826538086	28.580644607543945	68.63093566894531	49.695438385009766
uninfected	0.2813062369823456	202.08932495117188	33.02294921875	219.98370361328125	52.577186584472656
uninfected	0.27080968022346497	81.73927307128906	53.52131271362305	100.00167846679688	79.31936645507812
uninfected	0.2089449167251587	0.6264801025390625	168.49623107910156	17.433597564697266	189.11822509765625
infected	0.19181744754314423	202.7154998779297	32.552894592285156	220.5908966064453	52.59569549560547
uninfected	0.13399484753608704	42.8144416809082	36.12976837158203	54.33260726928711	54.046512603759766
uninfected	0.1089538186788559	40.09832763671875	49.538330078125	60.18879699707031	69.18195343017578
