uninfected	0.9989782571792603	212.08395385742188	197.78468322753906	229.35025024414062	222.29905700683594
uninfected	0.9985155463218689	15.620707511901855	176.90582275390625	34.15180969238281	203.5185546875
uninfected	0.9984128475189209	8.03564167022705	77.58100128173828	26.246906280517578	101.20662689208984
uninfected	0.9974982142448425	68.775146484375	54.40431594848633	88.82424926757812	78.93697357177734
uninfected	0.9974877834320068	106.91893005371094	157.04364013671875	125.7642822265625	181.88563537597656
uninfected	0.9974294304847717	26.487104415893555	123.83081817626953	44.685516357421875	150.3732452392578
uninfected	0.9973282814025879	28.30025863647461	200.0914764404297	47.58509063720703	224.66073608398438
uninfected	0.9971938133239746	202.96286010742188	164.05198669433594	222.49423217773438	190.9416046142578
uninfected	0.9966633915901184	90.46527099609375	194.44656372070312	111.20291137695312	219.6365966796875
uninfected	0.9964364767074585	138.84031677246094	179.3633575439453	158.91883850097656	204.3436737060547
uninfected	0.9963900446891785	82.18333435058594	169.9435272216797	100.20246124267578	193.9935760498047
uninfected	0.9963886737823486	148.81134033203125	55.01069259643555	167.08999633789062	82.51070404052734
uninfected	0.9962813258171082	75.94324493408203	30.57004737854004	94.41289520263672	55.07432556152344
uninfected	0.9962456822395325	163.67218017578125	126.99205780029297	182.48890686035156	154.4600067138672
uninfected	0.9939687252044678	152.9226837158203	147.84014892578125	172.2550506591797	177.1925811767578
uninfected	0.9935348033905029	9.577139854431152	14.425333976745605	30.270498275756836	40.254859924316406
uninfected	0.9934059381484985	7.258761405944824	128.21121215820312	23.926767349243164	152.865966796875
uninfected	0.9929346442222595	117.46520233154297	32.80107879638672	135.672119140625	55.04359817504883
uninfected	0.9925236105918884	121.0103759765625	178.84371948242188	139.79248046875	203.86380004882812
uninfected	0.9916977882385254	222.889404296875	24.518165588378906	241.62046813964844	49.541141510009766
uninfected	0.9912711381912231	193.45619201660156	45.87843704223633	210.8409881591797	70.86614227294922
uninfected	0.9909731149673462	117.84382629394531	215.0115509033203	138.60940551757812	243.14198303222656
uninfected	0.9891461133956909	33.157588958740234	28.25216293334961	48.86295700073242	51.9097785949707
uninfected	0.9884580969810486	187.1886444091797	165.96763610839844	206.34912109375	188.7394256591797
uninfected	0.9866576790809631	30.29271697998047	223.91079711914062	48.66840744018555	243.4348602294922
uninfected	0.9721154570579529	130.73306274414062	70.09223937988281	149.15771484375	91.9051742553711
uninfected	0.9617584347724915	210.18905639648438	18.220970153808594	227.56944274902344	45.90976333618164
infected	0.932720959186554	99.42947387695312	23.36069107055664	116.97150421142578	55.22169876098633
uninfected	0.9243531823158264	150.4972381591797	223.309326171875	171.33631896972656	251.05136108398438
uninfected	0.9232923984527588	62.12593460083008	162.95294189453125	85.76653289794922	188.9239044189453
uninfected	0.8580933213233948	230.00308227539062	199.11846923828125	247.780029296875	227.1631622314453
infected	0.8400425910949707	225.12025451660156	154.5404510498047	247.7417755126953	181.995849609375
uninfected	0.8395500779151917	224.48904418945312	72.62178039550781	247.44219970703125	98.39974212646484
infected	0.8049130439758301	179.89593505859375	102.98391723632812	199.9962921142578	131.65992736816406
infected	0.7885696291923523	7.032179832458496	102.032470703125	26.432138442993164	128.5828399658203
infected	0.7166755199432373	78.20096588134766	210.15869140625	98.25617980957031	237.2445526123047
infected	0.7139245867729187	48.54188919067383	76.0051040649414	68.83589172363281	101.75025939941406
infected	0.6797896027565002	71.5892333984375	134.1460723876953	90.23646545410156	158.0843505859375
uninfected	0.6706603765487671	223.795654296875	114.64070129394531	247.509521484375	136.42124938964844
uninfected	0.587532639503479	222.1536407470703	91.07283020019531	239.15789794921875	117.6235122680664
uninfected	0.5773115158081055	223.827392578125	226.38636779785156	243.332275390625	248.88221740722656
uninfected	0.4744087755680084	233.7616729736328	60.35882568359375	255.0076446533203	84.13337707519531
uninfected	0.3673807382583618	72.07706451416016	134.10379028320312	90.64275360107422	158.19508361816406
uninfected	0.320749431848526	182.47286987304688	234.01809692382812	201.18533325195312	255.66883850097656
uninfected	0.27855363488197327	6.392295837402344	101.50247955322266	26.463623046875	129.08546447753906
uninfected	0.23687799274921417	48.303123474121094	75.2732162475586	69.37427520751953	101.8768539428711
uninfected	0.12524878978729248	180.42886352539062	102.33358001708984	200.39508056640625	132.12998962402344
uninfected	0.12005289644002914	224.99365234375	154.37831115722656	248.1445770263672	182.2928924560547
uninfected	0.11332894116640091	78.40613555908203	209.6838836669922	98.19509887695312	237.64247131347656
uninfected	0.07773218303918839	236.7847442626953	40.12553024291992	256.0	58.13908386230469
uninfected	0.0588616319000721	201.8086700439453	65.82849884033203	222.42999267578125	84.23728942871094
