uninfected	0.9994068145751953	185.29444885253906	10.202834129333496	202.32296752929688	34.01757049560547
uninfected	0.9992485642433167	188.0790557861328	96.49351501464844	204.8385467529297	119.01515197753906
uninfected	0.999230146408081	139.53857421875	187.102294921875	156.92459106445312	210.5738983154297
uninfected	0.9991247057914734	28.25249481201172	34.952083587646484	43.88695526123047	55.997737884521484
uninfected	0.9991053938865662	88.65835571289062	34.729637145996094	104.92353057861328	59.21665954589844
uninfected	0.9990854263305664	154.6981658935547	17.023025512695312	170.21644592285156	37.65626525878906
uninfected	0.9989499449729919	103.84480285644531	60.837215423583984	119.93605041503906	86.61627960205078
uninfected	0.9987123012542725	176.77532958984375	116.7382583618164	192.23536682128906	139.73715209960938
uninfected	0.9986670017242432	133.18650817871094	38.127113342285156	151.22201538085938	60.7015380859375
uninfected	0.9986611604690552	39.96378707885742	217.0081787109375	59.42571258544922	238.4935302734375
uninfected	0.9986118078231812	59.119598388671875	199.00958251953125	77.89946746826172	222.46383666992188
uninfected	0.9985414743423462	8.841954231262207	197.9339599609375	24.057294845581055	221.86985778808594
uninfected	0.9981582760810852	172.73390197753906	206.92388916015625	189.52456665039062	229.30810546875
uninfected	0.9980103373527527	100.17391204833984	1.0427496433258057	115.33619689941406	21.241580963134766
uninfected	0.997918426990509	220.404052734375	118.04340362548828	236.8985137939453	143.34877014160156
uninfected	0.9977197051048279	126.67295837402344	143.88583374023438	142.02822875976562	165.14407348632812
uninfected	0.9972113966941833	167.282470703125	229.957763671875	183.4788055419922	251.8897247314453
uninfected	0.996903121471405	161.45021057128906	190.0233154296875	178.15716552734375	212.71702575683594
uninfected	0.996727705001831	191.9911651611328	119.74012756347656	207.4189453125	141.84400939941406
uninfected	0.9963927865028381	187.74911499023438	65.98464965820312	204.56396484375	87.066650390625
uninfected	0.9962770342826843	223.47378540039062	161.77474975585938	240.96397399902344	189.31243896484375
uninfected	0.9951177835464478	138.80429077148438	55.87918472290039	152.08084106445312	75.51679992675781
uninfected	0.994746208190918	141.0102081298828	143.06961059570312	154.66122436523438	171.0673370361328
uninfected	0.993134617805481	58.9578857421875	89.65814208984375	77.65830993652344	118.25657653808594
uninfected	0.9907147884368896	203.84991455078125	153.7611846923828	220.6931915283203	177.27442932128906
uninfected	0.987542450428009	49.12409591674805	89.82196807861328	63.99404525756836	113.71587371826172
uninfected	0.9875401258468628	88.79789733886719	148.7624053955078	102.035888671875	167.10792541503906
uninfected	0.9840412139892578	57.92087936401367	128.20632934570312	72.88867950439453	156.35134887695312
uninfected	0.9836514592170715	181.81898498535156	160.787841796875	199.76612854003906	185.27212524414062
uninfected	0.9835938811302185	35.1304931640625	81.57952117919922	50.44454574584961	105.02227020263672
uninfected	0.9813282489776611	208.68557739257812	177.2908935546875	223.52694702148438	196.6847686767578
uninfected	0.9778498411178589	120.95392608642578	221.80731201171875	135.68394470214844	245.6660614013672
uninfected	0.9684181809425354	170.74563598632812	44.31050109863281	185.4122772216797	63.286136627197266
uninfected	0.9654181599617004	25.997299194335938	147.09259033203125	42.774681091308594	173.78329467773438
uninfected	0.9653018116950989	190.03515625	144.35528564453125	205.9811248779297	169.12022399902344
uninfected	0.9634285569190979	129.88812255859375	15.65790843963623	145.68820190429688	40.35796356201172
uninfected	0.9625145792961121	122.7777099609375	40.26958084106445	136.9436492919922	57.05597686767578
uninfected	0.957961916923523	0.8567827939987183	87.16978454589844	14.25699234008789	111.10042572021484
uninfected	0.9564103484153748	152.9373779296875	147.16644287109375	171.00665283203125	172.8498992919922
infected	0.9555827379226685	73.52434539794922	133.21072387695312	90.99297332763672	173.2917938232422
uninfected	0.9383499026298523	86.58668518066406	167.15264892578125	103.24492645263672	194.36085510253906
uninfected	0.9373619556427002	202.2316436767578	139.88943481445312	222.12147521972656	160.08180236816406
uninfected	0.921016275882721	28.487096786499023	170.87815856933594	47.39805603027344	195.56179809570312
uninfected	0.9056606292724609	189.6145782470703	186.55770874023438	204.8988494873047	214.75547790527344
infected	0.8845427632331848	65.52113342285156	16.275897979736328	84.67747497558594	50.08536911010742
uninfected	0.7950665354728699	63.97517776489258	40.39124298095703	77.90774536132812	57.54227066040039
uninfected	0.7228938341140747	122.59842681884766	13.45201587677002	136.3141632080078	30.541215896606445
uninfected	0.6416401863098145	69.78241729736328	227.6248321533203	84.926025390625	252.07382202148438
uninfected	0.573070228099823	160.7084197998047	129.52943420410156	175.72349548339844	148.83604431152344
uninfected	0.5403745174407959	180.3148193359375	79.25373840332031	192.4945068359375	94.54014587402344
uninfected	0.22514617443084717	28.374759674072266	182.6340789794922	42.36222457885742	203.5023193359375
