uninfected	0.9975628852844238	156.3629913330078	170.01199340820312	174.69049072265625	195.05226135253906
uninfected	0.9972289204597473	48.08724594116211	62.557373046875	65.15946197509766	85.63916778564453
uninfected	0.996650755405426	210.48997497558594	138.20834350585938	230.62509155273438	163.9483184814453
uninfected	0.9964757561683655	74.38735961914062	226.89654541015625	92.28630828857422	250.1650848388672
uninfected	0.9964061379432678	44.598876953125	179.60560607910156	62.8150749206543	204.5805206298828
uninfected	0.9963591694831848	54.82197189331055	203.36973571777344	71.29499053955078	230.80430603027344
uninfected	0.9961994290351868	166.61651611328125	84.75241088867188	184.37319946289062	109.01520538330078
uninfected	0.9961167573928833	111.22357940673828	179.3977813720703	129.48764038085938	204.30545043945312
uninfected	0.9959613680839539	78.50462341308594	119.05695343017578	98.16814422607422	142.54400634765625
uninfected	0.9947773218154907	67.76290130615234	79.14556121826172	86.17223358154297	103.75804138183594
uninfected	0.9945039749145508	67.28624725341797	198.43923950195312	86.09880065917969	224.87759399414062
uninfected	0.994361400604248	18.234331130981445	173.01828002929688	36.460227966308594	195.70936584472656
uninfected	0.9931355714797974	28.695751190185547	138.0509796142578	47.76991271972656	162.41099548339844
uninfected	0.9929192662239075	32.166664123535156	114.89021301269531	50.88090133666992	138.11631774902344
uninfected	0.9904890060424805	119.22553253173828	158.19003295898438	138.5480194091797	183.67288208007812
uninfected	0.9896990656852722	29.279804229736328	89.58840942382812	48.673343658447266	115.79859924316406
uninfected	0.9881616234779358	93.26277923583984	64.30908966064453	112.57571411132812	89.99224090576172
uninfected	0.9879818558692932	103.647216796875	207.4081268310547	120.72988891601562	230.4276580810547
uninfected	0.9835757613182068	223.97622680664062	50.34315872192383	242.2051239013672	74.54558563232422
uninfected	0.9827825427055359	129.2718963623047	214.081787109375	146.99920654296875	242.02178955078125
uninfected	0.9810530543327332	176.66310119628906	139.14112854003906	196.12088012695312	164.2340545654297
uninfected	0.9760598540306091	69.15340423583984	16.643795013427734	86.11004638671875	39.038265228271484
uninfected	0.9461646676063538	73.13052368164062	40.248069763183594	93.11636352539062	64.71206665039062
uninfected	0.939662516117096	10.250876426696777	81.01813507080078	29.9451961517334	107.66925811767578
uninfected	0.9246755838394165	211.11260986328125	173.19357299804688	229.34625244140625	197.5206756591797
uninfected	0.793296217918396	49.46340560913086	98.39366149902344	66.59819793701172	120.52049255371094
infected	0.7859944701194763	228.30319213867188	194.37960815429688	247.7389373779297	221.40377807617188
uninfected	0.5119093656539917	67.53812408447266	151.78761291503906	87.37406921386719	175.96311950683594
uninfected	0.054870977997779846	229.06790161132812	193.26168823242188	247.88047790527344	220.70419311523438
