uninfected	0.9996929168701172	223.8512420654297	177.0395050048828	241.5409393310547	198.92539978027344
uninfected	0.999521017074585	217.54933166503906	151.142578125	234.1970672607422	173.3236846923828
uninfected	0.9993329644203186	153.72418212890625	57.24358367919922	170.9938201904297	81.89645385742188
uninfected	0.9991804957389832	102.37350463867188	7.013819217681885	121.6754150390625	32.94381332397461
uninfected	0.9987730383872986	174.65174865722656	195.8232421875	194.7012481689453	218.52015686035156
uninfected	0.9987446069717407	130.37620544433594	184.47093200683594	149.8553466796875	211.46014404296875
uninfected	0.9986920952796936	39.63593673706055	41.58536148071289	58.814697265625	69.12857055664062
uninfected	0.9986587762832642	60.78723907470703	79.06863403320312	76.92269897460938	104.22720336914062
uninfected	0.9986302852630615	88.46562194824219	123.83729553222656	106.23451232910156	151.36865234375
uninfected	0.9985388517379761	71.8094482421875	98.57060241699219	91.63834381103516	121.6858139038086
uninfected	0.9984661340713501	167.29647827148438	22.812089920043945	183.24832153320312	42.68937301635742
uninfected	0.9981375932693481	31.701400756835938	108.76390075683594	48.815486907958984	135.3270263671875
uninfected	0.9979191422462463	22.14927864074707	36.9609375	37.617530822753906	61.5561408996582
uninfected	0.9978860020637512	104.15950012207031	148.5189971923828	123.50139617919922	173.08753967285156
uninfected	0.9975653886795044	120.72715759277344	80.80050659179688	138.80738830566406	107.49007415771484
uninfected	0.99755859375	32.94276428222656	83.2912368774414	53.54186248779297	109.57213592529297
uninfected	0.9967083930969238	178.5793914794922	95.87203979492188	196.3402099609375	114.81239318847656
uninfected	0.9963253140449524	139.22459411621094	223.41094970703125	157.57550048828125	247.9681396484375
uninfected	0.9960898160934448	37.07312774658203	172.8703155517578	59.501190185546875	198.08135986328125
uninfected	0.9957314133644104	16.40478515625	181.051025390625	37.55218505859375	201.0089569091797
uninfected	0.9956756234169006	43.901092529296875	118.58340454101562	62.45110321044922	142.28317260742188
uninfected	0.9954221844673157	232.87646484375	39.272151947021484	247.13693237304688	65.15349578857422
uninfected	0.9951717257499695	5.432774543762207	224.6483154296875	23.71831512451172	250.5983123779297
uninfected	0.9945952296257019	200.0844268798828	104.66695404052734	219.58680725097656	131.52178955078125
uninfected	0.9939540028572083	56.00983428955078	50.21699905395508	74.59497833251953	77.05046081542969
uninfected	0.9927932024002075	177.3638458251953	153.2284698486328	198.13528442382812	172.8488311767578
uninfected	0.9920021295547485	142.03504943847656	131.6123046875	160.78770446777344	158.5920867919922
uninfected	0.99072265625	155.962646484375	223.43417358398438	176.90374755859375	250.0369873046875
uninfected	0.9891130924224854	207.92532348632812	53.75690460205078	224.14244079589844	73.04326629638672
uninfected	0.9881630539894104	68.8021469116211	36.36420440673828	91.42799377441406	65.79170227050781
uninfected	0.9831377267837524	109.55269622802734	121.70547485351562	130.33718872070312	149.42295837402344
uninfected	0.9791106581687927	144.41627502441406	203.31092834472656	164.86727905273438	225.28155517578125
uninfected	0.9654845595359802	27.199729919433594	158.0733642578125	47.92610168457031	180.37997436523438
uninfected	0.9535042643547058	201.83343505859375	23.51258659362793	220.0908203125	51.667381286621094
uninfected	0.9346128106117249	44.69594192504883	150.73326110839844	65.77391052246094	176.558837890625
uninfected	0.9149237871170044	145.19924926757812	169.50961303710938	162.13438415527344	191.93519592285156
uninfected	0.9129644632339478	23.51096534729004	65.24711608886719	44.65256881713867	89.09915161132812
infected	0.9056515097618103	78.1131591796875	72.19984436035156	102.59481048583984	98.23838806152344
infected	0.8931369781494141	150.83602905273438	148.44908142089844	178.82888793945312	172.99366760253906
uninfected	0.889354407787323	213.92398071289062	44.477230072021484	231.94436645507812	62.74295425415039
uninfected	0.8890541195869446	21.33342170715332	232.0672149658203	39.44452667236328	255.2585906982422
uninfected	0.8707718849182129	15.22501277923584	198.0004425048828	36.991127014160156	217.07427978515625
uninfected	0.8361579775810242	39.21307373046875	0.45078855752944946	57.70777130126953	25.896217346191406
uninfected	0.79291832447052	219.40049743652344	56.32828903198242	239.42190551757812	82.06198120117188
uninfected	0.7904289960861206	163.26007080078125	209.77197265625	184.3545684814453	229.0979461669922
uninfected	0.7463048100471497	38.928653717041016	132.8037109375	58.57206726074219	155.2564697265625
uninfected	0.5874156951904297	54.09292984008789	132.77734375	75.16211700439453	156.03944396972656
uninfected	0.5704918503761292	228.89385986328125	118.61670684814453	240.50979614257812	134.36187744140625
uninfected	0.48261111974716187	210.82933044433594	49.64963912963867	229.60198974609375	69.11601257324219
uninfected	0.1114995926618576	220.66665649414062	86.07649993896484	233.1978302001953	104.2757797241211
uninfected	0.09062391519546509	166.5758514404297	108.44692993164062	181.8553466796875	127.75343322753906
uninfected	0.0626155212521553	194.73326110839844	27.27704620361328	209.83106994628906	44.304481506347656
