uninfected	0.9995421171188354	190.64108276367188	166.28518676757812	207.20077514648438	188.865966796875
uninfected	0.9992424249649048	188.77455139160156	23.178285598754883	206.85696411132812	49.45118713378906
uninfected	0.9988697171211243	203.0244140625	5.196225643157959	221.80894470214844	27.18429183959961
uninfected	0.9988456964492798	159.03359985351562	45.35646438598633	177.09613037109375	66.91162109375
uninfected	0.9987348914146423	183.34263610839844	111.04581451416016	204.79595947265625	133.49142456054688
uninfected	0.9986905455589294	167.8600311279297	101.53816223144531	187.8824920654297	123.08589935302734
uninfected	0.9986458420753479	226.06752014160156	147.38583374023438	243.42697143554688	169.61268615722656
uninfected	0.9983214735984802	27.77741813659668	63.80568313598633	45.75374984741211	88.3768539428711
uninfected	0.9981731176376343	70.07869720458984	20.697338104248047	86.44440460205078	43.51612854003906
uninfected	0.9979900121688843	129.00042724609375	208.04470825195312	149.6498565673828	230.957275390625
uninfected	0.9979217648506165	107.67454528808594	35.928367614746094	126.16908264160156	56.84930419921875
uninfected	0.9977178573608398	90.60759735107422	3.8295750617980957	108.97863006591797	28.49666976928711
uninfected	0.9975047707557678	176.7826385498047	139.73133850097656	195.29701232910156	163.85513305664062
uninfected	0.9973005652427673	205.20083618164062	156.7489471435547	224.05548095703125	178.37611389160156
uninfected	0.9971460700035095	190.06007385253906	212.2674102783203	209.65159606933594	233.44378662109375
uninfected	0.996927797794342	58.544960021972656	125.697265625	77.33409881591797	148.3354034423828
uninfected	0.9965180158615112	69.13847351074219	102.76023864746094	87.73027038574219	123.89730834960938
uninfected	0.9960207343101501	106.10712432861328	77.23045349121094	125.7982177734375	103.72367095947266
uninfected	0.995954155921936	112.55643463134766	110.86443328857422	133.292236328125	133.49171447753906
uninfected	0.9958266615867615	218.02984619140625	205.58380126953125	236.18280029296875	230.6324005126953
uninfected	0.9957438111305237	42.75872802734375	103.79363250732422	57.95217514038086	129.9174041748047
uninfected	0.9956814050674438	129.53285217285156	2.7727208137512207	148.73318481445312	28.1822509765625
uninfected	0.9954941272735596	1.9008208513259888	84.46924591064453	19.321300506591797	108.24121856689453
uninfected	0.9953659772872925	85.5981216430664	27.113910675048828	106.36595153808594	47.76307678222656
uninfected	0.9943767786026001	14.15291690826416	23.063833236694336	31.55558204650879	46.1113166809082
uninfected	0.9941873550415039	22.543848037719727	151.3037109375	44.56493377685547	172.0804901123047
uninfected	0.9929956793785095	9.97010612487793	48.32139587402344	32.34206771850586	70.24185180664062
uninfected	0.9915340542793274	193.26583862304688	135.2098846435547	211.7425994873047	157.2884979248047
uninfected	0.991523027420044	179.93386840820312	226.7730255126953	199.85882568359375	245.24197387695312
uninfected	0.9910414814949036	87.96041870117188	54.89308166503906	109.20022583007812	75.60417938232422
uninfected	0.9906641244888306	231.44308471679688	164.0791778564453	250.49627685546875	188.34182739257812
uninfected	0.9639056921005249	136.77731323242188	140.6017303466797	155.3989715576172	164.62551879882812
uninfected	0.9561730027198792	150.23716735839844	203.3102569580078	172.7138214111328	226.8275146484375
uninfected	0.950295627117157	107.02017211914062	2.7301769256591797	127.52898406982422	28.246707916259766
uninfected	0.9297127723693848	120.81620025634766	92.8701171875	140.3834686279297	116.30123138427734
uninfected	0.9080917239189148	17.779626846313477	203.68316650390625	36.33877182006836	231.70773315429688
uninfected	0.8800010085105896	5.374688148498535	207.90814208984375	24.53927230834961	233.69540405273438
uninfected	0.09934613108634949	239.79013061523438	27.899999618530273	256.0	49.04209518432617
