uninfected	0.9977071285247803	78.35979461669922	174.96104431152344	95.59326934814453	202.23046875
uninfected	0.9974328875541687	49.048954010009766	180.64511108398438	66.95704650878906	203.14578247070312
uninfected	0.9971578121185303	18.240036010742188	77.68510437011719	37.97651672363281	102.5086669921875
uninfected	0.9968281388282776	47.04680252075195	43.197998046875	66.32804107666016	67.82677459716797
uninfected	0.9967934489250183	143.55804443359375	133.7239532470703	161.6014862060547	156.12423706054688
uninfected	0.9967676401138306	22.560827255249023	171.43663024902344	40.408443450927734	195.2490997314453
uninfected	0.9963311553001404	74.97370910644531	17.86142349243164	92.45005798339844	44.48714828491211
uninfected	0.9961571097373962	41.72618865966797	17.666669845581055	61.11426544189453	45.253055572509766
uninfected	0.9960696697235107	152.2954864501953	40.30221176147461	171.95745849609375	65.6911392211914
uninfected	0.9960591793060303	99.02944946289062	151.074462890625	115.9638671875	173.185302734375
uninfected	0.995088517665863	110.69268035888672	132.83480834960938	130.20126342773438	158.82369995117188
uninfected	0.995017945766449	175.72727966308594	143.82723999023438	192.98619079589844	168.048828125
uninfected	0.9950024485588074	144.09921264648438	75.67961883544922	161.9987335205078	104.31334686279297
uninfected	0.9947562217712402	128.62356567382812	84.14659881591797	145.95130920410156	110.07693481445312
uninfected	0.9946427345275879	146.99917602539062	197.1715545654297	164.0360107421875	222.1288604736328
uninfected	0.9944642186164856	41.18256759643555	204.3783721923828	57.69245147705078	229.844970703125
uninfected	0.9944239258766174	50.26796340942383	137.53631591796875	69.7051010131836	161.72897338867188
uninfected	0.9942335486412048	19.442909240722656	195.19544982910156	37.84083557128906	218.74107360839844
uninfected	0.9940430521965027	176.8190460205078	68.07473754882812	194.7985382080078	93.8326416015625
uninfected	0.9936476349830627	44.47243118286133	117.15187072753906	61.40999984741211	143.01283264160156
uninfected	0.9933844208717346	42.86233901977539	87.50273895263672	61.67634963989258	114.45924377441406
uninfected	0.9931672215461731	138.8183135986328	106.20714569091797	156.943115234375	133.7279510498047
uninfected	0.9927996397018433	185.15757751464844	7.417756080627441	202.705078125	34.404319763183594
uninfected	0.9927183389663696	131.2501678466797	203.07757568359375	146.47999572753906	230.51483154296875
uninfected	0.9920254349708557	185.0726318359375	89.4782485961914	203.4264678955078	116.33428192138672
uninfected	0.9866262078285217	57.49281311035156	61.35564422607422	77.82893371582031	86.44876861572266
uninfected	0.986615777015686	70.844482421875	154.077392578125	89.11363220214844	181.73123168945312
uninfected	0.985225260257721	90.97650909423828	22.55240249633789	110.33553314208984	45.09929656982422
uninfected	0.9839884638786316	159.8404083251953	78.32242584228516	178.41232299804688	105.03925323486328
uninfected	0.9839820265769958	167.19007873535156	3.903505802154541	185.99514770507812	31.591938018798828
uninfected	0.9824617505073547	85.75835418701172	137.39210510253906	102.54013061523438	166.69976806640625
uninfected	0.9811697602272034	106.15987396240234	36.52592468261719	125.0542221069336	61.82624816894531
uninfected	0.9784244298934937	73.42011260986328	109.32697296142578	91.8252944946289	135.51719665527344
uninfected	0.9780785441398621	168.52032470703125	164.52706909179688	185.86634826660156	189.3387451171875
uninfected	0.9766390919685364	169.75450134277344	125.3115463256836	187.6398162841797	147.5288543701172
uninfected	0.9760789275169373	140.6104278564453	57.28403091430664	155.6034393310547	78.23976135253906
uninfected	0.9738628268241882	165.05833435058594	51.29058837890625	185.49891662597656	76.66790008544922
uninfected	0.9727900624275208	158.18905639648438	147.33798217773438	176.586181640625	175.63870239257812
uninfected	0.9578545093536377	57.51652145385742	98.290283203125	74.07405090332031	125.854248046875
uninfected	0.9500223398208618	78.16414642333984	60.6237678527832	95.44441986083984	85.73527526855469
uninfected	0.9474368691444397	174.31092834472656	96.61546325683594	192.93980407714844	126.17603302001953
uninfected	0.9455212950706482	64.43929290771484	0.6099011301994324	85.1783447265625	24.085512161254883
uninfected	0.9312341809272766	89.92955017089844	110.43879699707031	109.24919891357422	135.98365783691406
infected	0.9045193195343018	82.0062026977539	83.00019073486328	104.65184020996094	113.39724731445312
uninfected	0.8987277746200562	120.76043701171875	105.27278900146484	139.31008911132812	129.0941925048828
uninfected	0.8521784543991089	159.37326049804688	108.3173599243164	180.642578125	135.8649444580078
infected	0.8274461627006531	90.19020080566406	44.05069351196289	112.58287811279297	75.7477035522461
uninfected	0.7638317346572876	61.90228271484375	83.33971405029297	81.69428253173828	102.9097900390625
uninfected	0.6166383624076843	112.88884735107422	77.27197265625	131.23048400878906	100.89474487304688
uninfected	0.561147928237915	94.49261474609375	71.90764617919922	114.53134155273438	94.69606018066406
uninfected	0.29549115896224976	111.29085540771484	51.59901809692383	131.0453643798828	67.95099639892578
uninfected	0.2837679982185364	102.17313385009766	93.05709838867188	123.54957580566406	118.3957290649414
uninfected	0.2299516201019287	103.21844482421875	52.36701965332031	123.79061126708984	80.54896545410156
infected	0.16461017727851868	105.71025848388672	55.222412109375	124.24840545654297	82.99394989013672
infected	0.13810572028160095	95.70957946777344	47.27604293823242	123.20279693603516	78.8944320678711
uninfected	0.05155292898416519	81.94783782958984	82.58052825927734	104.82234954833984	112.43802642822266
