uninfected	0.999573290348053	178.28253173828125	212.5117950439453	195.835693359375	235.0389404296875
uninfected	0.9994677901268005	23.0489444732666	49.92239761352539	41.263267517089844	71.03807067871094
uninfected	0.9994102716445923	29.63924217224121	71.22796630859375	46.28834533691406	94.310546875
uninfected	0.999380350112915	29.182390213012695	207.09161376953125	45.88445281982422	232.70797729492188
uninfected	0.9993601441383362	93.94468688964844	1.7212450504302979	111.26687622070312	23.43695068359375
uninfected	0.99935382604599	123.0724105834961	32.36612319946289	140.42929077148438	59.06199264526367
uninfected	0.9993258714675903	113.36168670654297	201.85934448242188	131.5181121826172	228.71505737304688
uninfected	0.9992682337760925	179.4540557861328	89.274658203125	197.17933654785156	113.62442016601562
uninfected	0.9992415904998779	31.131643295288086	26.22240447998047	49.89019775390625	51.81251907348633
uninfected	0.9992008805274963	208.61080932617188	143.72933959960938	225.97027587890625	167.88302612304688
uninfected	0.9991938471794128	5.150175094604492	64.78620147705078	21.9366397857666	89.60847473144531
uninfected	0.99910968542099	97.54353332519531	157.31419372558594	113.93214416503906	182.55154418945312
uninfected	0.9989948868751526	198.09732055664062	11.91102409362793	217.9214630126953	38.2579345703125
uninfected	0.9989379048347473	172.45062255859375	140.9027557373047	189.7937774658203	168.44369506835938
uninfected	0.9988240599632263	160.04966735839844	61.40737533569336	176.71986389160156	86.61485290527344
uninfected	0.9985595345497131	206.41073608398438	99.71195220947266	222.56155395507812	126.11343383789062
uninfected	0.9984691739082336	21.988676071166992	5.256929874420166	40.59291458129883	28.928363800048828
uninfected	0.9980791807174683	220.20887756347656	175.15902709960938	239.3723907470703	198.62425231933594
uninfected	0.9978607296943665	62.64811325073242	132.47543334960938	79.80916595458984	152.0472869873047
uninfected	0.9974844455718994	74.41815185546875	71.90377807617188	91.364501953125	94.24645233154297
uninfected	0.9973835349082947	76.92389678955078	38.6078987121582	94.37067413330078	63.40864944458008
uninfected	0.9973287582397461	7.736398696899414	30.46355438232422	25.304271697998047	55.68858337402344
uninfected	0.9973136782646179	13.760961532592773	189.59288024902344	28.97254753112793	216.5340118408203
uninfected	0.9971323013305664	216.7048797607422	193.21534729003906	233.32257080078125	221.5057830810547
uninfected	0.9969305396080017	45.02151107788086	35.732364654541016	61.16269302368164	61.215789794921875
uninfected	0.9964929223060608	53.241336822509766	76.3093032836914	70.23968505859375	102.10274505615234
uninfected	0.9962395429611206	167.77230834960938	77.806396484375	181.6559295654297	97.3815689086914
uninfected	0.9960357546806335	117.45330047607422	83.04265594482422	133.15684509277344	109.94905853271484
uninfected	0.9958714842796326	53.980403900146484	191.96214294433594	71.97075653076172	221.260498046875
uninfected	0.9958668947219849	220.80995178222656	101.21946716308594	238.57725524902344	126.86319732666016
uninfected	0.9956035614013672	127.72239685058594	99.88675689697266	145.80841064453125	128.12025451660156
uninfected	0.9953416585922241	70.78385925292969	27.50029754638672	88.49101257324219	53.29780197143555
uninfected	0.9947717785835266	81.91972351074219	60.50457000732422	101.0025863647461	85.6043472290039
uninfected	0.994154155254364	125.39073181152344	128.2921142578125	140.3056640625	157.07278442382812
uninfected	0.9935431480407715	59.87140655517578	38.57689666748047	76.70449829101562	63.7667236328125
uninfected	0.9928499460220337	206.23538208007812	230.09681701660156	225.3865966796875	255.27259826660156
infected	0.721884548664093	94.4720458984375	81.23350524902344	115.1610107421875	102.89896392822266
uninfected	0.6114407181739807	21.604839324951172	149.1140594482422	39.781028747558594	182.58956909179688
uninfected	0.20402765274047852	62.00181579589844	222.74798583984375	75.0164794921875	256.0
