uninfected	0.99972003698349	159.581298828125	21.283954620361328	177.11111450195312	46.04965591430664
uninfected	0.9996610879898071	78.35612487792969	190.87486267089844	93.87776184082031	211.94615173339844
uninfected	0.999471127986908	197.90631103515625	35.13862228393555	217.91220092773438	57.68415069580078
uninfected	0.9994531273841858	123.91908264160156	112.862060546875	141.87118530273438	136.9624481201172
uninfected	0.99940025806427	19.00059700012207	62.77817153930664	34.69480895996094	84.68205261230469
uninfected	0.999365508556366	176.30514526367188	16.636106491088867	192.80596923828125	40.47406005859375
uninfected	0.9993632435798645	42.69622039794922	164.93997192382812	58.88581085205078	185.8775177001953
uninfected	0.9993452429771423	122.59748840332031	87.7579116821289	140.8157501220703	112.05992126464844
uninfected	0.9993290901184082	102.45882415771484	74.14669799804688	120.90839385986328	97.71206665039062
uninfected	0.999237060546875	74.04119110107422	119.02055358886719	90.47434997558594	142.6849822998047
uninfected	0.9992204904556274	198.7008514404297	72.33145904541016	217.2294464111328	98.45002746582031
uninfected	0.9992024302482605	212.68247985839844	187.6140594482422	231.0685272216797	212.94866943359375
uninfected	0.9991607666015625	233.35401916503906	145.5640411376953	249.26597595214844	167.254638671875
uninfected	0.9991450309753418	127.51957702636719	18.061174392700195	143.40907287597656	41.906700134277344
uninfected	0.9990899562835693	181.9011993408203	114.48197174072266	200.194091796875	139.6173858642578
uninfected	0.9990890026092529	201.1251678466797	203.65487670898438	219.093017578125	228.48277282714844
uninfected	0.9990687966346741	34.630184173583984	95.60225677490234	50.80930709838867	118.68426513671875
uninfected	0.9990645051002502	21.554241180419922	159.0380401611328	38.408042907714844	183.12835693359375
uninfected	0.998960018157959	143.4940185546875	16.368703842163086	160.85263061523438	38.97263717651367
uninfected	0.9989342093467712	179.59616088867188	56.221160888671875	199.0517120361328	80.83272552490234
uninfected	0.9988570213317871	106.64358520507812	112.90287017822266	123.10526275634766	132.03369140625
uninfected	0.9986575841903687	159.45298767089844	132.80770874023438	177.38462829589844	158.88023376464844
uninfected	0.9984690546989441	178.78775024414062	142.8935546875	197.7759552001953	167.4424591064453
uninfected	0.9984626770019531	151.8850860595703	161.5670623779297	169.65257263183594	188.554443359375
uninfected	0.998422384262085	104.64613342285156	182.24208068847656	120.84664154052734	203.8187255859375
uninfected	0.9983647465705872	27.219900131225586	175.4989776611328	41.037925720214844	195.9420623779297
uninfected	0.9983538389205933	40.73347091674805	207.77142333984375	58.58091354370117	234.12591552734375
uninfected	0.9982781410217285	230.051513671875	39.716888427734375	246.9752655029297	65.7073974609375
uninfected	0.9980973601341248	236.06614685058594	85.7868423461914	252.79766845703125	109.9464340209961
uninfected	0.998055100440979	168.83599853515625	163.49867248535156	187.85443115234375	189.41343688964844
uninfected	0.9977526068687439	39.428768157958984	124.56385803222656	54.77988052368164	150.9781951904297
uninfected	0.9975643157958984	60.34489059448242	108.37847137451172	77.57051849365234	130.62435913085938
uninfected	0.996679425239563	83.93779754638672	5.254539489746094	99.28949737548828	26.88433074951172
uninfected	0.9962155222892761	125.13401794433594	214.9580078125	141.82693481445312	238.84765625
uninfected	0.9951280355453491	98.39555358886719	136.104736328125	115.84041595458984	161.52818298339844
uninfected	0.9914073348045349	233.29310607910156	125.20149230957031	251.15676879882812	148.1279754638672
uninfected	0.987379252910614	184.37872314453125	176.03497314453125	202.5980224609375	207.25840759277344
uninfected	0.9649518132209778	123.274169921875	42.084842681884766	138.6797332763672	66.1959228515625
uninfected	0.9606409668922424	78.73863220214844	159.10861206054688	96.820068359375	180.26856994628906
uninfected	0.9594222903251648	99.9223403930664	218.92657470703125	122.4426498413086	246.330322265625
uninfected	0.9479663372039795	14.44277572631836	220.64292907714844	30.16539764404297	248.5606231689453
uninfected	0.9309207797050476	36.38017654418945	231.69549560546875	54.96345901489258	255.05113220214844
uninfected	0.9127587676048279	109.37920379638672	97.58536529541016	122.57938385009766	113.86270904541016
uninfected	0.8708329200744629	62.09208297729492	175.0350341796875	75.04606628417969	195.4724578857422
