uninfected	0.9995447993278503	207.6468505859375	39.04523849487305	224.92825317382812	61.32906723022461
uninfected	0.9993926286697388	78.6376953125	177.93019104003906	96.77772521972656	201.13096618652344
uninfected	0.9993570446968079	172.17335510253906	88.44681549072266	188.0829315185547	109.05097198486328
uninfected	0.9993042945861816	229.65565490722656	106.3597640991211	247.80140686035156	131.12460327148438
uninfected	0.999229907989502	54.540985107421875	94.80935668945312	72.38858032226562	120.51255798339844
uninfected	0.9991506338119507	100.98995971679688	214.9007110595703	117.68911743164062	237.25379943847656
uninfected	0.9990302324295044	62.0162467956543	163.44515991210938	81.32976531982422	187.14007568359375
uninfected	0.9986376166343689	223.9645233154297	77.5197525024414	242.08984375	101.95616149902344
uninfected	0.998636782169342	47.23347473144531	34.42111587524414	63.1193733215332	56.48443603515625
uninfected	0.9985958933830261	164.29031372070312	159.29090881347656	181.04702758789062	182.41685485839844
uninfected	0.9985339641571045	46.457313537597656	142.6141357421875	64.93644714355469	168.84054565429688
uninfected	0.998465895652771	55.20832061767578	127.05400085449219	75.35625457763672	148.2735137939453
uninfected	0.997825562953949	98.64311218261719	187.594482421875	116.74604034423828	212.1522979736328
uninfected	0.9978101849555969	148.61793518066406	188.357421875	164.86309814453125	211.75205993652344
uninfected	0.9976242184638977	85.83720397949219	198.75540161132812	102.92698669433594	223.1224822998047
uninfected	0.99727863073349	201.46484375	60.0749397277832	219.59878540039062	85.78488159179688
uninfected	0.9971370697021484	79.03176879882812	48.07048797607422	99.05204010009766	71.06936645507812
uninfected	0.9970176219940186	173.548095703125	207.98687744140625	191.72760009765625	232.08949279785156
uninfected	0.9965519905090332	20.60409927368164	101.65877532958984	39.557125091552734	130.16104125976562
uninfected	0.9963351488113403	148.44786071777344	151.45339965820312	163.05575561523438	170.66598510742188
uninfected	0.9961166381835938	4.706085205078125	46.536537170410156	24.119340896606445	69.53578186035156
uninfected	0.9959433674812317	57.62135696411133	49.062660217285156	78.37604522705078	70.59349060058594
uninfected	0.9958651065826416	115.46890258789062	153.16851806640625	131.9541778564453	175.0019073486328
uninfected	0.9957695007324219	119.90553283691406	115.10578918457031	136.01052856445312	136.8151092529297
uninfected	0.9954133629798889	117.37168884277344	198.62847900390625	137.90969848632812	223.21820068359375
uninfected	0.9953057169914246	164.06602478027344	188.85975646972656	182.5061798095703	216.0671844482422
uninfected	0.9950677156448364	59.85357666015625	22.351688385009766	77.13172912597656	48.49224090576172
uninfected	0.9945435523986816	14.28759479522705	66.32662200927734	31.100425720214844	93.70413208007812
uninfected	0.994036078453064	136.89710998535156	12.93038558959961	152.97195434570312	35.06501388549805
uninfected	0.9939678907394409	218.12193298339844	105.43476104736328	232.97528076171875	129.4719696044922
uninfected	0.9939338564872742	176.86997985839844	178.57289123535156	194.8628692626953	201.3770294189453
uninfected	0.9934478402137756	130.77281188964844	116.28307342529297	148.2767791748047	138.48651123046875
uninfected	0.9925206899642944	122.77479553222656	146.08392333984375	141.40611267089844	168.84811401367188
uninfected	0.9917047023773193	37.589012145996094	99.1084976196289	53.70687484741211	127.13937377929688
uninfected	0.9913163185119629	23.55873680114746	15.717569351196289	39.91141128540039	40.2729377746582
uninfected	0.9911866784095764	145.9747314453125	227.851318359375	164.66986083984375	251.3389434814453
uninfected	0.9910804629325867	28.402904510498047	124.62557220458984	50.053367614746094	147.67002868652344
uninfected	0.9904022216796875	203.22483825683594	132.4019317626953	221.6727752685547	160.1410675048828
uninfected	0.9901508092880249	100.06745147705078	162.28468322753906	118.77906799316406	187.3904571533203
uninfected	0.9898457527160645	109.29127502441406	173.06216430664062	128.7281494140625	197.48887634277344
uninfected	0.9893296360969543	63.71825408935547	33.153141021728516	83.95980072021484	54.70613098144531
uninfected	0.9879950881004333	195.40980529785156	161.3158416748047	213.6101837158203	187.1410675048828
uninfected	0.9877262711524963	195.48736572265625	79.63750457763672	211.54676818847656	105.32427215576172
uninfected	0.9873861074447632	127.1530990600586	214.9495086669922	145.73257446289062	239.15606689453125
uninfected	0.9855818152427673	196.2861328125	108.88453674316406	212.28445434570312	130.58547973632812
uninfected	0.9851095676422119	172.6571044921875	136.63401794433594	191.52276611328125	161.70639038085938
uninfected	0.9821778535842896	11.421630859375	20.268882751464844	29.526004791259766	50.74345016479492
uninfected	0.9769667983055115	180.41336059570312	156.54922485351562	198.36386108398438	183.20040893554688
uninfected	0.9764854907989502	68.73403930664062	65.07360076904297	86.33451843261719	90.42359161376953
uninfected	0.9733374714851379	126.85882568359375	164.6126708984375	147.9176788330078	188.36419677734375
uninfected	0.9724917411804199	28.995861053466797	35.96879196166992	46.38454055786133	59.99180221557617
uninfected	0.9717243909835815	142.7596435546875	209.5286407470703	170.13925170898438	227.95379638671875
uninfected	0.9581045508384705	137.18055725097656	131.3453826904297	151.019775390625	150.187744140625
uninfected	0.9517296552658081	189.8889617919922	75.99391174316406	202.00091552734375	101.4064712524414
uninfected	0.9436818957328796	184.6834716796875	122.29058074951172	205.11729431152344	150.388427734375
uninfected	0.9429449439048767	180.7021484375	106.73711395263672	200.33839416503906	126.9171371459961
uninfected	0.9038861989974976	238.21766662597656	63.64950942993164	254.31634521484375	90.59830474853516
infected	0.8946390151977539	77.89236450195312	83.1295394897461	101.86573791503906	113.2424087524414
infected	0.8633593320846558	105.6178207397461	130.47999572753906	122.74516296386719	157.31869506835938
uninfected	0.8419139981269836	124.81234741210938	181.61526489257812	141.24392700195312	206.00022888183594
uninfected	0.7726617455482483	15.564425468444824	0.4367523193359375	31.154552459716797	20.894582748413086
uninfected	0.7629625797271729	190.98252868652344	143.00787353515625	211.6257781982422	164.6061553955078
uninfected	0.5783633589744568	241.2561798095703	85.71904754638672	255.88645935058594	108.58795928955078
uninfected	0.4991014301776886	230.43186950683594	0.4499438405036926	244.77882385253906	35.95595169067383
uninfected	0.2731532156467438	144.7224884033203	23.32569694519043	155.6963348388672	42.99113082885742
uninfected	0.23435229063034058	143.2805938720703	46.24605941772461	158.76559448242188	67.46691131591797
uninfected	0.12586739659309387	131.7181396484375	106.73189544677734	151.41116333007812	124.98845672607422
