uninfected	0.9995025396347046	110.81967163085938	148.32818603515625	127.89836883544922	173.8094482421875
uninfected	0.9994163513183594	96.037353515625	192.74659729003906	112.96559143066406	214.17816162109375
uninfected	0.9990599751472473	69.17495727539062	174.49468994140625	86.72515106201172	197.94561767578125
uninfected	0.9989472031593323	46.887420654296875	216.6465606689453	66.49910736083984	241.98597717285156
uninfected	0.998944103717804	40.66783905029297	72.293701171875	60.54623031616211	97.47113800048828
uninfected	0.9989362359046936	89.33915710449219	156.8759307861328	106.49874877929688	184.06361389160156
uninfected	0.9988915324211121	8.301543235778809	176.17269897460938	25.867130279541016	201.3240966796875
uninfected	0.9988671541213989	68.53799438476562	134.150146484375	88.45972442626953	156.4555206298828
uninfected	0.9988002777099609	71.14170837402344	198.54478454589844	88.55314636230469	225.52313232421875
uninfected	0.9987780451774597	125.85069274902344	159.51084899902344	143.99493408203125	186.5477294921875
uninfected	0.998776376247406	141.35719299316406	42.07875061035156	157.42897033691406	64.17073822021484
uninfected	0.9986369013786316	136.66490173339844	184.1840057373047	154.62403869628906	212.48419189453125
uninfected	0.9978118538856506	153.1778106689453	220.493896484375	172.37747192382812	244.0711212158203
uninfected	0.9976924657821655	154.70361328125	125.9432373046875	171.215087890625	153.07269287109375
uninfected	0.9976626634597778	49.54014205932617	92.27980041503906	67.24388122558594	114.48030853271484
uninfected	0.9974257349967957	197.6891632080078	124.24847412109375	218.2804412841797	147.493896484375
uninfected	0.9974164962768555	181.2449188232422	91.53718566894531	197.17225646972656	119.89478302001953
uninfected	0.9957591891288757	145.96083068847656	199.27395629882812	166.44284057617188	225.88189697265625
uninfected	0.995426595211029	10.301718711853027	84.08663940429688	26.83629035949707	111.50167846679688
uninfected	0.9948350191116333	59.998069763183594	150.70201110839844	78.30543518066406	176.2954864501953
uninfected	0.994235098361969	148.3473358154297	66.67748260498047	166.220458984375	94.05839538574219
uninfected	0.9934096932411194	112.95108795166016	191.0251922607422	128.93637084960938	215.64401245117188
uninfected	0.9932125806808472	52.18674087524414	108.74136352539062	70.83847045898438	135.673095703125
uninfected	0.9930822849273682	110.11214447021484	227.21669006347656	130.76658630371094	251.66009521484375
uninfected	0.9834204316139221	69.6942367553711	108.38742065429688	88.58625793457031	134.03538513183594
uninfected	0.982704222202301	35.56874084472656	95.07498168945312	52.74498748779297	125.94709014892578
uninfected	0.7424419522285461	83.53530883789062	234.62413024902344	100.39739990234375	256.0
infected	0.7216280698776245	73.35175323486328	76.58558654785156	93.82046508789062	110.71492004394531
uninfected	0.4070179760456085	93.41975402832031	79.11847686767578	105.127685546875	116.53083801269531
