uninfected	0.9946657419204712	3.428424596786499	199.28955078125	18.638330459594727	219.83074951171875
uninfected	0.9938456416130066	170.3021697998047	58.81361770629883	190.33306884765625	81.41615295410156
uninfected	0.9926071166992188	119.36495971679688	130.00765991210938	137.43875122070312	155.66175842285156
uninfected	0.9920905828475952	97.20982360839844	157.34292602539062	115.80050659179688	180.17453002929688
uninfected	0.9886138439178467	42.540122985839844	143.76473999023438	60.062259674072266	167.21115112304688
uninfected	0.9860777854919434	86.43901062011719	231.63180541992188	100.8736572265625	254.415283203125
uninfected	0.9848974347114563	194.69241333007812	133.927490234375	213.50491333007812	160.95114135742188
uninfected	0.9838072657585144	225.94085693359375	189.9628448486328	244.4879608154297	214.6902618408203
uninfected	0.9836648106575012	214.92926025390625	215.51953125	233.7764434814453	239.4901123046875
uninfected	0.9775980114936829	128.18072509765625	18.10694122314453	145.78152465820312	44.47712707519531
uninfected	0.9757653474807739	101.36521911621094	50.1832160949707	120.18221282958984	77.92586517333984
uninfected	0.9746167063713074	41.73222732543945	221.9615020751953	58.67342758178711	243.74658203125
uninfected	0.9704688787460327	200.05419921875	22.63957405090332	218.81654357910156	45.80073547363281
uninfected	0.9686296582221985	175.44485473632812	204.3709259033203	194.2641143798828	229.22186279296875
uninfected	0.9664908647537231	219.2120819091797	76.93694305419922	236.2006378173828	100.82064056396484
uninfected	0.9643280506134033	200.69638061523438	72.61290740966797	219.55747985839844	96.921875
uninfected	0.9448065757751465	0.6659008860588074	163.98580932617188	17.047191619873047	185.68026733398438
uninfected	0.9446814656257629	63.715911865234375	172.2527313232422	82.20018005371094	195.52792358398438
uninfected	0.9375566244125366	98.65597534179688	132.00450134277344	117.42232513427734	157.4054412841797
uninfected	0.9308266639709473	152.4232940673828	225.44219970703125	171.8804473876953	250.58758544921875
uninfected	0.9287990927696228	87.87731170654297	181.6767578125	104.58869934082031	203.45835876464844
uninfected	0.9214081168174744	22.02286148071289	200.1907501220703	35.39561462402344	218.33860778808594
uninfected	0.9112422466278076	195.44509887695312	103.24359130859375	214.5637969970703	127.96146392822266
uninfected	0.9042753577232361	0.8400518894195557	98.43768310546875	17.23292350769043	124.577880859375
uninfected	0.8967660665512085	208.1175994873047	44.878456115722656	226.9624786376953	72.23607635498047
uninfected	0.8575378060340881	110.28510284423828	30.7600040435791	129.766357421875	55.47091293334961
uninfected	0.8571163415908813	190.40089416503906	229.3114471435547	209.47698974609375	252.46620178222656
uninfected	0.7305208444595337	220.19638061523438	3.724034309387207	236.02528381347656	26.1151123046875
uninfected	0.7214834094047546	153.7512969970703	71.59123229980469	173.18829345703125	100.84444427490234
uninfected	0.5670929551124573	151.61827087402344	24.491533279418945	171.80577087402344	49.5391845703125
infected	0.06171111762523651	110.4915771484375	30.320743560791016	130.75975036621094	54.909481048583984
