uninfected	0.9989232420921326	103.63052368164062	162.0805206298828	121.0936508178711	184.90577697753906
uninfected	0.9988823533058167	53.015140533447266	213.20033264160156	70.50804138183594	238.77552795410156
uninfected	0.998708963394165	129.14198303222656	115.49517059326172	145.4591522216797	137.74905395507812
uninfected	0.9984732270240784	35.184791564941406	217.8247833251953	53.42644500732422	243.76849365234375
uninfected	0.9984537363052368	49.073768615722656	188.74415588378906	65.32366180419922	213.2335662841797
uninfected	0.9980186223983765	118.28763580322266	169.8586883544922	135.25424194335938	195.26766967773438
uninfected	0.997983455657959	81.80960845947266	128.88783264160156	98.45941162109375	150.6683807373047
uninfected	0.9978390336036682	133.0193328857422	158.3426971435547	148.0634765625	182.53851318359375
uninfected	0.9977444410324097	15.981616973876953	155.1780548095703	36.46823501586914	180.4696502685547
uninfected	0.9976893663406372	146.45640563964844	150.82879638671875	162.44081115722656	177.08872985839844
uninfected	0.997498095035553	160.92562866210938	109.0903091430664	176.73870849609375	133.9752960205078
uninfected	0.9974230527877808	7.832032203674316	213.7906951904297	26.10454559326172	238.5164337158203
uninfected	0.9974198341369629	80.89456176757812	191.26771545410156	98.01618957519531	218.74794006347656
uninfected	0.996548593044281	97.78118896484375	127.66373443603516	117.84605407714844	153.16539001464844
uninfected	0.996503472328186	66.10560607910156	127.00071716308594	82.03929138183594	152.98501586914062
uninfected	0.9960623383522034	105.83405303955078	217.31744384765625	125.63194274902344	243.94985961914062
uninfected	0.9956799745559692	106.86798858642578	141.20155334472656	125.65975952148438	164.04171752929688
uninfected	0.9952269792556763	162.52005004882812	80.34260559082031	180.0728302001953	107.26713562011719
uninfected	0.9950915575027466	172.41067504882812	196.56808471679688	189.96661376953125	225.85264587402344
uninfected	0.9950562715530396	5.41773796081543	93.3465576171875	23.170970916748047	115.35077667236328
uninfected	0.9933933615684509	238.48587036132812	130.95950317382812	254.93899536132812	160.2321014404297
uninfected	0.9930329322814941	14.525959968566895	123.56175231933594	33.3565559387207	147.80213928222656
uninfected	0.9927253723144531	148.153564453125	49.88325119018555	166.72689819335938	74.5123519897461
uninfected	0.9924986958503723	204.33506774902344	129.0625	223.05471801757812	156.59361267089844
uninfected	0.9900729656219482	146.3784637451172	180.061279296875	162.9538116455078	205.05213928222656
uninfected	0.9877129793167114	55.351844787597656	38.0547981262207	72.62300872802734	61.86301040649414
uninfected	0.9861783981323242	221.3811798095703	135.59231567382812	238.71275329589844	166.80581665039062
uninfected	0.9860596656799316	145.5146484375	94.81909942626953	164.241455078125	119.89653778076172
uninfected	0.9809378981590271	1.506842017173767	184.26856994628906	23.17445182800293	210.94224548339844
uninfected	0.9806199073791504	28.508773803710938	200.44525146484375	48.55198287963867	220.5960693359375
uninfected	0.9782605767250061	76.4359130859375	43.01625061035156	93.06023406982422	64.94601440429688
uninfected	0.9762160778045654	8.810426712036133	57.36327362060547	27.8280029296875	81.9867935180664
uninfected	0.97020423412323	11.932242393493652	17.852548599243164	28.82724952697754	41.05215072631836
uninfected	0.9675672650337219	197.54132080078125	223.815185546875	214.36959838867188	246.52792358398438
uninfected	0.9666680693626404	86.55693817138672	26.672470092773438	105.259033203125	51.102806091308594
uninfected	0.9652528166770935	77.35425567626953	98.39933013916016	97.43566131591797	127.54105377197266
uninfected	0.9624087810516357	142.59478759765625	72.0789566040039	161.52703857421875	96.11552429199219
uninfected	0.9606369137763977	77.64104461669922	65.30665588378906	94.99370574951172	94.5135726928711
uninfected	0.9562050104141235	45.15534973144531	52.616336822509766	63.94717788696289	74.84768676757812
uninfected	0.9528029561042786	135.30862426757812	30.04806900024414	155.21499633789062	55.86179733276367
uninfected	0.952263355255127	110.92823791503906	2.508474111557007	127.8304443359375	24.506149291992188
uninfected	0.9493820667266846	67.05687713623047	22.017518997192383	85.06295776367188	44.46513748168945
uninfected	0.9370083808898926	192.54241943359375	148.1752471923828	213.35113525390625	178.73687744140625
uninfected	0.9261052012443542	16.522315979003906	77.03034210205078	35.89319610595703	103.779296875
uninfected	0.9257450103759766	48.322147369384766	82.16634368896484	65.25736999511719	113.64865112304688
uninfected	0.9126869440078735	32.6470832824707	83.93331909179688	50.11785125732422	108.94847106933594
uninfected	0.9082379341125488	23.7816162109375	25.416540145874023	40.6162109375	51.78884506225586
uninfected	0.8894413709640503	225.03875732421875	167.3542022705078	243.5635223388672	190.8607940673828
uninfected	0.8828263282775879	38.46159744262695	35.232032775878906	56.76844024658203	55.30202102661133
uninfected	0.8785564303398132	98.4215087890625	76.67572784423828	115.33250427246094	99.3470687866211
uninfected	0.8525063395500183	24.374101638793945	57.861610412597656	42.00009536743164	85.50601196289062
uninfected	0.8408859968185425	110.91627502441406	90.21854400634766	128.07672119140625	116.46488952636719
uninfected	0.8407921195030212	183.31558227539062	234.1340789794922	199.10792541503906	255.13751220703125
uninfected	0.7593992352485657	102.33401489257812	54.85465621948242	124.05256652832031	77.20929718017578
uninfected	0.7202473878860474	56.13676071166992	3.0143237113952637	75.53034210205078	27.313390731811523
uninfected	0.6943684220314026	238.1250762939453	224.56265258789062	255.5938262939453	250.9059295654297
uninfected	0.6707541942596436	3.62396240234375	40.55381393432617	26.37882423400879	64.38417053222656
infected	0.639443039894104	221.50523376464844	204.04954528808594	248.46697998046875	234.08865356445312
uninfected	0.6381507515907288	23.73333740234375	7.685374736785889	42.02079391479492	30.65047264099121
uninfected	0.616223156452179	213.47311401367188	230.36488342285156	231.2292938232422	254.0886688232422
uninfected	0.5431358218193054	122.94149780273438	10.46865463256836	142.93075561523438	39.2763671875
uninfected	0.5339462757110596	38.72837829589844	13.475936889648438	55.57852554321289	41.898948669433594
uninfected	0.5338521003723145	61.974754333496094	73.41935729980469	77.36601257324219	103.41630554199219
uninfected	0.48317402601242065	203.01766967773438	158.74009704589844	226.02700805664062	182.7042694091797
uninfected	0.4719300866127014	224.98960876464844	187.39002990722656	244.6190643310547	206.709716796875
uninfected	0.4661315083503723	222.59996032714844	204.26864624023438	247.921875	233.83888244628906
uninfected	0.4588349163532257	40.63275146484375	72.18606567382812	61.36013412475586	96.00917053222656
uninfected	0.41751641035079956	188.7351837158203	195.72230529785156	202.8301544189453	228.9696044921875
uninfected	0.3352399468421936	119.85355377197266	63.83133316040039	141.90625	86.0213623046875
uninfected	0.3266536593437195	74.83040618896484	3.573012590408325	97.06146240234375	25.329627990722656
uninfected	0.32512736320495605	92.52555084228516	4.697951316833496	113.20641326904297	30.979482650756836
uninfected	0.32512640953063965	48.8009033203125	13.480610847473145	63.44383239746094	41.61245346069336
uninfected	0.3114643394947052	93.99947357177734	110.07279205322266	113.15896606445312	129.21484375
uninfected	0.3098934590816498	205.71099853515625	206.5779266357422	223.6741180419922	231.07276916503906
uninfected	0.3053770959377289	127.64088439941406	49.72126007080078	147.78936767578125	72.09410858154297
uninfected	0.2876342833042145	43.524959564208984	74.06004333496094	64.36664581298828	107.25625610351562
infected	0.2522501051425934	56.25807571411133	3.7501416206359863	75.57210540771484	27.635122299194336
uninfected	0.2521091401576996	75.63589477539062	23.732982635498047	93.2773208618164	47.88582229614258
uninfected	0.17272303998470306	89.61762237548828	91.55503845214844	112.74590301513672	125.13640594482422
uninfected	0.10605570673942566	128.97964477539062	82.0562744140625	150.35528564453125	116.74555206298828
uninfected	0.061024051159620285	37.62958526611328	21.53788948059082	58.01344680786133	51.147640228271484
