uninfected	0.9987800717353821	96.25259399414062	161.3302001953125	112.19487762451172	184.50729370117188
uninfected	0.9987523555755615	95.17969512939453	185.83816528320312	113.33551788330078	212.68502807617188
uninfected	0.9978988170623779	47.130775451660156	39.709739685058594	64.65348052978516	67.27925872802734
uninfected	0.9970158338546753	161.9644317626953	124.42620086669922	179.23744201660156	151.34947204589844
uninfected	0.9970130920410156	81.59017181396484	221.97157287597656	100.64138793945312	246.88623046875
uninfected	0.9965630173683167	76.05036926269531	159.78524780273438	94.70162200927734	183.9556427001953
uninfected	0.996005117893219	98.48538208007812	109.95954895019531	115.98057556152344	136.1708221435547
uninfected	0.995704710483551	182.732177734375	124.10344696044922	199.181396484375	149.60301208496094
uninfected	0.9954227805137634	127.25897216796875	148.55809020996094	146.91098022460938	173.23117065429688
uninfected	0.9944899082183838	138.83436584472656	203.98362731933594	158.57786560058594	232.87452697753906
uninfected	0.99369215965271	151.31808471679688	84.2759780883789	167.79843139648438	111.52880859375
uninfected	0.9932292699813843	198.83213806152344	122.23065185546875	217.6083526611328	148.80307006835938
uninfected	0.9924466609954834	147.31459045410156	25.848241806030273	164.4959716796875	51.9947509765625
uninfected	0.9918273687362671	33.56744384765625	74.02284240722656	52.13861846923828	102.48004913330078
uninfected	0.9901151657104492	227.43655395507812	17.354812622070312	246.4180450439453	44.30406951904297
uninfected	0.9897379279136658	27.144718170166016	42.42660140991211	45.644065856933594	66.97007751464844
uninfected	0.9863263368606567	98.18968200683594	132.1690216064453	119.64107513427734	155.63392639160156
uninfected	0.9852496981620789	129.3922882080078	16.85175323486328	146.46214294433594	46.81378173828125
uninfected	0.9851112961769104	198.0233917236328	166.4901885986328	215.4384765625	193.38629150390625
uninfected	0.9844474792480469	160.13929748535156	8.707956314086914	177.01795959472656	38.536460876464844
uninfected	0.9805213212966919	108.53746795654297	201.17526245117188	126.97850036621094	225.44781494140625
uninfected	0.9791210889816284	171.24351501464844	95.2750244140625	189.93777465820312	124.19088745117188
uninfected	0.9773644804954529	115.76587677001953	11.551910400390625	132.11964416503906	38.72590637207031
uninfected	0.9769401550292969	226.23851013183594	91.51466369628906	244.7606964111328	118.3603515625
uninfected	0.9726324677467346	11.184514999389648	23.650272369384766	30.957895278930664	47.01673126220703
uninfected	0.9714453220367432	49.58815002441406	183.057373046875	69.17776489257812	206.35379028320312
uninfected	0.9695773720741272	126.93505859375	127.14805603027344	146.97727966308594	152.5864715576172
uninfected	0.9669889807701111	79.96392059326172	66.6860122680664	97.20509338378906	91.68426513671875
uninfected	0.966459333896637	215.0663299560547	100.93397521972656	233.48214721679688	130.6144256591797
uninfected	0.9646874070167542	15.002655982971191	48.05733108520508	34.02045440673828	72.62657165527344
uninfected	0.9615391492843628	220.12899780273438	66.90234375	239.29212951660156	94.76880645751953
uninfected	0.958588719367981	35.79078674316406	14.285945892333984	54.33053970336914	41.95994567871094
uninfected	0.9568226933479309	207.5891876220703	151.58209228515625	226.12474060058594	176.84483337402344
uninfected	0.950673520565033	20.886775970458984	194.39671325683594	37.238731384277344	217.69171142578125
infected	0.9435428977012634	18.01831817626953	176.097900390625	38.68863296508789	200.8479766845703
uninfected	0.9382144212722778	15.955763816833496	69.62133026123047	35.59056854248047	95.54415130615234
uninfected	0.9149694442749023	138.72401428222656	53.54243469238281	156.5504608154297	81.76126098632812
uninfected	0.9098434448242188	208.82716369628906	48.90681838989258	227.6320037841797	76.2809829711914
infected	0.909058690071106	68.4633560180664	27.282724380493164	86.37886810302734	56.24586868286133
uninfected	0.9055349826812744	193.60198974609375	79.34280395507812	212.45655822753906	105.8763427734375
uninfected	0.8836605548858643	9.381484031677246	143.83761596679688	24.786998748779297	166.38455200195312
infected	0.8103705048561096	40.05754470825195	120.53041076660156	58.4683952331543	145.13963317871094
uninfected	0.7345682382583618	81.785400390625	140.32064819335938	97.45619201660156	164.48558044433594
uninfected	0.6982091069221497	73.28424835205078	104.28569793701172	88.13135528564453	125.33960723876953
uninfected	0.61077481508255	222.8623809814453	234.62481689453125	239.83238220214844	255.30763244628906
uninfected	0.499287873506546	20.89204216003418	161.92633056640625	36.517921447753906	175.69461059570312
uninfected	0.399455726146698	193.8216552734375	52.43782424926758	209.39271545410156	77.62181854248047
uninfected	0.13458871841430664	17.841846466064453	179.67263793945312	38.74785614013672	204.17669677734375
infected	0.10645132511854172	81.73140716552734	140.4720001220703	98.02214813232422	165.0247039794922
uninfected	0.08083856850862503	4.540528297424316	1.279879093170166	27.77226448059082	24.315542221069336
uninfected	0.053557414561510086	46.572410583496094	113.642822265625	59.733436584472656	132.3009796142578
