uninfected	0.9993172883987427	193.4254608154297	120.08818054199219	214.01715087890625	144.8715362548828
uninfected	0.9993046522140503	190.17530822753906	82.70341491699219	209.00160217285156	108.26177215576172
uninfected	0.9991384744644165	204.29757690429688	37.85515594482422	224.23995971679688	62.19264602661133
uninfected	0.999007523059845	231.42379760742188	186.28260803222656	247.89915466308594	212.8191680908203
uninfected	0.9987585544586182	139.66136169433594	106.70734405517578	160.83575439453125	127.46464538574219
uninfected	0.9986386895179749	102.45787048339844	199.0276336669922	121.62126922607422	223.2394256591797
uninfected	0.9985859394073486	216.71278381347656	95.20870208740234	235.42361450195312	119.41975402832031
uninfected	0.9984341263771057	156.95497131347656	126.09699249267578	177.9310302734375	149.35939025878906
uninfected	0.9983439445495605	117.69212341308594	172.53936767578125	135.82232666015625	196.82046508789062
uninfected	0.9978371262550354	116.15692901611328	16.33026885986328	134.68511962890625	38.839111328125
uninfected	0.9973356127738953	29.969425201416016	66.85175323486328	48.899681091308594	90.00408172607422
uninfected	0.997298538684845	152.44192504882812	162.40994262695312	173.38771057128906	184.50189208984375
uninfected	0.996747612953186	124.2048110961914	132.25938415527344	140.10276794433594	155.72596740722656
uninfected	0.9967280626296997	228.4729766845703	9.658045768737793	249.4915313720703	33.99870681762695
uninfected	0.9961563944816589	138.98550415039062	132.1732177734375	159.06689453125	158.4793701171875
uninfected	0.995661199092865	112.45133209228516	218.06996154785156	138.3765106201172	244.03363037109375
uninfected	0.9956384301185608	119.68220520019531	54.43405532836914	139.20716857910156	75.55313110351562
uninfected	0.9954456090927124	51.182411193847656	28.14010238647461	72.08879852294922	50.21106719970703
uninfected	0.9935316443443298	131.16708374023438	1.1779601573944092	151.48802185058594	23.766170501708984
uninfected	0.9924699664115906	51.59003448486328	50.39006805419922	70.461669921875	71.140380859375
uninfected	0.9909510612487793	15.419590950012207	177.7633514404297	35.796234130859375	203.83428955078125
uninfected	0.9902108907699585	99.11009216308594	152.11474609375	121.61177825927734	177.66622924804688
uninfected	0.9896677732467651	6.112180709838867	162.34530639648438	24.015132904052734	186.6497344970703
uninfected	0.9833043813705444	130.72486877441406	219.8739471435547	152.4866485595703	242.8692169189453
uninfected	0.9803007245063782	118.51742553710938	151.97409057617188	143.65414428710938	171.43408203125
uninfected	0.9646210670471191	103.41015625	114.3460693359375	132.37533569335938	139.92176818847656
uninfected	0.9608303308486938	189.2574005126953	230.62396240234375	209.51766967773438	255.2269287109375
uninfected	0.9426629543304443	17.955921173095703	135.9893798828125	38.53620147705078	164.11502075195312
uninfected	0.8816326856613159	72.41480255126953	92.84718322753906	92.75251770019531	115.98001861572266
infected	0.8319109082221985	155.5448455810547	25.41444206237793	176.03460693359375	53.710784912109375
uninfected	0.5756880640983582	142.85586547851562	49.144287109375	163.08612060546875	71.85383605957031
uninfected	0.3368043601512909	157.0703125	0.5210332870483398	175.2196044921875	20.28890609741211
uninfected	0.21640384197235107	175.45327758789062	219.33078002929688	195.27566528320312	234.7686309814453
infected	0.19815944135189056	72.40653991699219	92.74771881103516	92.76615142822266	116.59996795654297
uninfected	0.06780573725700378	155.42578125	24.361845016479492	176.77862548828125	53.66195297241211
uninfected	0.0620759017765522	0.8819946050643921	137.97567749023438	20.526819229125977	158.61672973632812
