uninfected	0.9995930790901184	62.91725540161133	100.43378448486328	79.1270523071289	122.49136352539062
uninfected	0.9995836615562439	141.32595825195312	45.88461685180664	157.24449157714844	69.79261779785156
uninfected	0.9995399713516235	121.5622787475586	134.80126953125	137.69091796875	159.04156494140625
uninfected	0.999516487121582	211.6604461669922	124.53428649902344	226.8090057373047	149.1483612060547
uninfected	0.9994916915893555	224.1619415283203	4.144841194152832	241.53463745117188	27.406023025512695
uninfected	0.9994899034500122	47.235076904296875	43.005130767822266	62.86102294921875	64.35668182373047
uninfected	0.9994161128997803	103.93824005126953	163.17225646972656	120.78791046142578	185.858642578125
uninfected	0.9993769526481628	167.28245544433594	102.16671752929688	184.00987243652344	125.44190979003906
uninfected	0.9993720650672913	26.635128021240234	208.5614013671875	42.49061965942383	231.568359375
uninfected	0.9993062019348145	170.44737243652344	73.98809051513672	186.32144165039062	95.8006362915039
uninfected	0.9993014335632324	122.06736755371094	49.56254959106445	138.0769805908203	70.86995697021484
uninfected	0.9992924928665161	120.43014526367188	74.98578643798828	135.95590209960938	99.32437133789062
uninfected	0.9992826581001282	79.54811096191406	210.6042938232422	96.38394927978516	232.73081970214844
uninfected	0.9989696741104126	73.08116149902344	166.9439239501953	90.25115203857422	191.32505798339844
uninfected	0.9988349080085754	102.37730407714844	100.0257568359375	116.53425598144531	121.65158081054688
uninfected	0.9987364411354065	61.102718353271484	210.65298461914062	78.26123046875	239.7465362548828
uninfected	0.9987228512763977	4.887089729309082	42.327308654785156	20.22905921936035	65.0268783569336
uninfected	0.9987176656723022	70.55965423583984	138.65847778320312	86.78475189208984	164.57858276367188
uninfected	0.9986857771873474	47.14982223510742	69.9316635131836	61.83898162841797	92.86981201171875
uninfected	0.998677670955658	36.07101058959961	167.4232940673828	52.197547912597656	190.3292694091797
uninfected	0.9986748695373535	180.2521514892578	223.1444091796875	198.61553955078125	245.96456909179688
uninfected	0.9986590147018433	112.94149780273438	200.5289764404297	131.3501739501953	222.6102752685547
uninfected	0.9984785914421082	122.34197235107422	107.97409057617188	137.11041259765625	132.32264709472656
uninfected	0.9984128475189209	34.845123291015625	16.770334243774414	50.128089904785156	38.41672134399414
uninfected	0.99839848279953	199.2616424560547	125.0383529663086	213.18479919433594	144.72293090820312
uninfected	0.9983495473861694	65.23139190673828	187.3448028564453	83.61144256591797	209.9901885986328
uninfected	0.998345136642456	46.92981719970703	110.22119903564453	64.39013671875	132.81361389160156
uninfected	0.9981826543807983	50.34694290161133	170.15321350097656	68.42892456054688	195.469970703125
uninfected	0.9978771209716797	219.77664184570312	56.55916213989258	234.96502685546875	81.08049011230469
uninfected	0.997861921787262	137.81858825683594	116.62044525146484	154.95668029785156	137.8517608642578
uninfected	0.9978604912757874	158.15597534179688	8.891401290893555	172.80111694335938	33.502376556396484
uninfected	0.9977068901062012	112.09359741210938	178.54652404785156	132.89927673339844	200.46206665039062
uninfected	0.9975292086601257	79.46058654785156	52.643959045410156	95.63027954101562	74.20416259765625
uninfected	0.9971851706504822	238.43373107910156	215.10340881347656	254.5898895263672	236.99700927734375
uninfected	0.9965811371803284	53.92091751098633	131.08090209960938	68.91542053222656	158.35409545898438
uninfected	0.9964635968208313	43.417991638183594	195.20758056640625	59.91673278808594	224.7401885986328
uninfected	0.996460497379303	203.3206787109375	89.28848266601562	219.85150146484375	111.8697509765625
uninfected	0.9953916072845459	100.09648132324219	69.24800872802734	116.05079650878906	89.5500259399414
uninfected	0.9905348420143127	233.27374267578125	132.73757934570312	247.62139892578125	157.752685546875
uninfected	0.9872161746025085	43.34278106689453	231.0926055908203	62.95563507080078	255.489990234375
uninfected	0.9830108880996704	186.29940795898438	74.85323333740234	202.134765625	96.71927642822266
uninfected	0.9749411344528198	203.29946899414062	53.72882843017578	220.48849487304688	82.68973541259766
uninfected	0.9695945382118225	3.5018882751464844	161.86642456054688	21.172786712646484	192.57376098632812
uninfected	0.9643529057502747	99.690185546875	54.87908935546875	111.19156646728516	75.62837982177734
uninfected	0.9527749419212341	4.22416353225708	230.93019104003906	23.185794830322266	255.2937469482422
uninfected	0.9410680532455444	240.34579467773438	91.55856323242188	255.34584045410156	115.7447738647461
uninfected	0.9235587120056152	185.46458435058594	64.87869262695312	201.7493133544922	84.43758392333984
infected	0.8514518141746521	148.75868225097656	121.58387756347656	164.76329040527344	147.5133514404297
infected	0.7198349237442017	70.38739776611328	35.10702896118164	87.9325942993164	59.1619987487793
uninfected	0.6464394330978394	37.28700256347656	127.5755615234375	52.785526275634766	152.9302520751953
uninfected	0.6163603067398071	108.12957000732422	10.158859252929688	120.81310272216797	25.782785415649414
uninfected	0.5291659235954285	18.805830001831055	143.24769592285156	37.17475891113281	168.468505859375
infected	0.3879084289073944	18.634647369384766	143.46408081054688	37.57698059082031	168.59878540039062
uninfected	0.23416945338249207	70.48504638671875	34.76617431640625	87.90656280517578	59.30507278442383
uninfected	0.1595827043056488	148.60330200195312	121.99948120117188	164.12841796875	146.98483276367188
