uninfected	0.9985207915306091	18.026002883911133	188.0556640625	36.95053482055664	212.57261657714844
uninfected	0.9973854422569275	110.50326538085938	199.5167694091797	129.37339782714844	224.1490020751953
uninfected	0.996823787689209	119.41096496582031	103.35795593261719	136.9351806640625	129.77197265625
uninfected	0.9959076642990112	103.51961517333984	121.50513458251953	120.89342498779297	147.6266632080078
uninfected	0.995158851146698	54.11090087890625	53.02833938598633	73.86637115478516	78.6518325805664
uninfected	0.994479775428772	126.61471557617188	212.34423828125	147.2471923828125	239.02880859375
uninfected	0.9941102862358093	138.1786346435547	8.522334098815918	156.99082946777344	32.58087921142578
uninfected	0.993909478187561	136.91612243652344	163.33480834960938	153.39816284179688	187.1264190673828
uninfected	0.9935611486434937	87.42457580566406	141.11473083496094	104.75730895996094	167.43821716308594
uninfected	0.9918701648712158	66.03564453125	191.0603790283203	84.5845718383789	215.09092712402344
uninfected	0.9866429567337036	102.59947204589844	75.629638671875	122.52532958984375	98.74141693115234
uninfected	0.9856693744659424	90.46629333496094	217.21446228027344	108.56250762939453	243.59005737304688
uninfected	0.981223464012146	122.99665832519531	123.34515380859375	142.84300231933594	152.38233947753906
uninfected	0.9740711450576782	73.36842346191406	129.75439453125	91.291015625	157.64181518554688
uninfected	0.9497064352035522	103.48961639404297	147.6029815673828	123.86490631103516	174.9986114501953
uninfected	0.9290329217910767	96.22966766357422	172.52301025390625	114.32939147949219	200.47897338867188
uninfected	0.9135967493057251	76.84664154052734	228.3881378173828	96.34132385253906	252.5566864013672
infected	0.8793083429336548	77.07566833496094	168.72750854492188	97.71681213378906	199.35704040527344
uninfected	0.8623946905136108	52.67332077026367	4.510391712188721	70.55736541748047	31.111976623535156
uninfected	0.7818527817726135	0.6154058575630188	172.08126831054688	17.25273895263672	193.71185302734375
uninfected	0.7259987592697144	71.45060729980469	44.643104553222656	92.83364868164062	68.10002899169922
uninfected	0.6827893257141113	120.08772277832031	26.41434097290039	142.03163146972656	47.89816665649414
uninfected	0.5946522951126099	101.11705780029297	230.80984497070312	122.59658813476562	254.4051513671875
uninfected	0.5451084971427917	117.70589447021484	43.520835876464844	139.28822326660156	71.20684814453125
uninfected	0.5312488675117493	113.15898895263672	8.601607322692871	133.4828338623047	33.44093322753906
uninfected	0.4305618405342102	60.740989685058594	28.933544158935547	81.41714477539062	53.492313385009766
infected	0.3781106770038605	87.09393310546875	31.478851318359375	109.735595703125	57.72603988647461
uninfected	0.32671335339546204	110.69398498535156	49.046897888183594	127.97441101074219	78.672119140625
infected	0.2707470953464508	88.0054702758789	11.70412540435791	112.98958587646484	39.06148910522461
uninfected	0.22967562079429626	87.23515319824219	30.73599624633789	108.49515533447266	58.29500961303711
uninfected	0.18512532114982605	164.0428924560547	2.3167638778686523	190.58566284179688	29.448036193847656
uninfected	0.16540756821632385	87.3257827758789	10.037768363952637	113.96105194091797	38.7802619934082
uninfected	0.15718770027160645	93.9057388305664	51.44705581665039	114.90667724609375	76.23506164550781
