uninfected	0.9992469549179077	183.8808135986328	80.72157287597656	204.32484436035156	102.86730194091797
uninfected	0.9988729357719421	108.23971557617188	172.28903198242188	126.42411041259766	196.51329040527344
uninfected	0.998835027217865	168.38995361328125	176.32386779785156	186.18014526367188	201.912841796875
uninfected	0.9986340403556824	51.20579528808594	32.29373550415039	69.62519073486328	56.57780456542969
uninfected	0.9984129667282104	142.76400756835938	178.7564239501953	159.6139678955078	203.1908721923828
uninfected	0.9983882904052734	218.1758575439453	53.305912017822266	236.795654296875	79.93146514892578
uninfected	0.9983774423599243	231.54579162597656	89.08859252929688	249.5501251220703	112.09650421142578
uninfected	0.9979494214057922	206.62425231933594	111.44340515136719	225.53343200683594	136.36216735839844
uninfected	0.9977319240570068	224.09323120117188	166.21170043945312	241.5116424560547	187.60606384277344
uninfected	0.9972195625305176	22.50970458984375	139.79237365722656	40.77001190185547	164.12652587890625
uninfected	0.9971902966499329	215.0647735595703	202.75811767578125	231.56216430664062	226.41116333007812
uninfected	0.9968926310539246	75.28498077392578	113.71747589111328	92.1251449584961	136.25314331054688
uninfected	0.9967780709266663	82.08197021484375	29.203813552856445	101.70142364501953	54.53306198120117
uninfected	0.9963768124580383	133.53504943847656	8.455610275268555	150.76498413085938	32.84437942504883
uninfected	0.9953677654266357	32.94647216796875	215.48277282714844	49.53578186035156	237.50453186035156
uninfected	0.994051992893219	71.14450073242188	81.42853546142578	89.61448669433594	106.16087341308594
uninfected	0.9933290481567383	66.30525970458984	184.70606994628906	86.71279907226562	209.6498260498047
uninfected	0.9926276803016663	197.79666137695312	49.42942810058594	216.40133666992188	70.60273742675781
uninfected	0.9922475814819336	6.214148044586182	189.17237854003906	26.923002243041992	213.88734436035156
uninfected	0.9922450184822083	35.67716598510742	53.73072052001953	54.982234954833984	79.5232925415039
uninfected	0.9922399520874023	221.5892791748047	77.3967514038086	239.2021942138672	98.65298461914062
uninfected	0.9920811653137207	14.904647827148438	3.9048032760620117	31.9981689453125	30.70784568786621
uninfected	0.9920644164085388	151.74179077148438	70.32852935791016	170.61965942382812	94.55921936035156
uninfected	0.9914980530738831	159.61383056640625	222.7202911376953	183.55523681640625	244.2659149169922
uninfected	0.9913711547851562	188.66416931152344	124.90345764160156	206.0645294189453	146.8663787841797
uninfected	0.9912379384040833	50.356258392333984	196.29405212402344	68.63896942138672	220.77066040039062
uninfected	0.9911943674087524	9.33571720123291	125.14356231689453	27.71553611755371	148.5498504638672
uninfected	0.9896966218948364	201.08737182617188	184.9007110595703	221.4217987060547	207.34844970703125
uninfected	0.9894904494285583	6.544955253601074	83.74330139160156	25.69287872314453	111.37496185302734
uninfected	0.9878756403923035	96.686279296875	101.06024169921875	114.45484924316406	128.09359741210938
uninfected	0.9878044128417969	146.12918090820312	33.8760986328125	164.0421905517578	58.06951904296875
uninfected	0.9797008037567139	153.84567260742188	156.4386444091797	174.99806213378906	177.61196899414062
uninfected	0.9761704206466675	188.3607635498047	206.74215698242188	208.72235107421875	231.5541534423828
uninfected	0.9682090878486633	21.749244689941406	73.5008544921875	37.8144645690918	100.64630889892578
uninfected	0.9678773880004883	23.80454444885254	159.47059631347656	45.48109817504883	181.47622680664062
uninfected	0.9655088186264038	43.42262268066406	126.41522216796875	62.32745361328125	150.96775817871094
uninfected	0.9653883576393127	87.155029296875	90.94798278808594	100.47098541259766	115.91097259521484
uninfected	0.9651555418968201	122.1417465209961	162.676025390625	139.8836212158203	188.45399475097656
uninfected	0.9647416472434998	114.09046936035156	20.65962028503418	130.13377380371094	44.56388473510742
uninfected	0.9608270525932312	23.365325927734375	177.10476684570312	44.12990188598633	202.1105499267578
uninfected	0.9562494158744812	96.38009643554688	40.37675094604492	115.95941162109375	67.46685028076172
uninfected	0.953555703163147	177.9769744873047	226.95835876464844	198.3538360595703	248.75628662109375
uninfected	0.9524453282356262	69.31536102294922	224.48397827148438	89.53359985351562	246.26124572753906
uninfected	0.9430010318756104	96.1324234008789	74.38833618164062	112.97562408447266	102.13115692138672
uninfected	0.9364021420478821	124.04471588134766	62.582454681396484	142.43600463867188	90.40445709228516
uninfected	0.9252346754074097	133.49319458007812	50.77678298950195	155.390380859375	73.46312713623047
uninfected	0.9215097427368164	166.23060607910156	52.055545806884766	184.50680541992188	74.50575256347656
uninfected	0.9169862866401672	105.27490997314453	43.20133590698242	127.71778106689453	68.21559143066406
uninfected	0.9138064384460449	0.9476476907730103	46.91143035888672	24.28888702392578	65.65129852294922
infected	0.9120938181877136	218.97364807128906	6.952384948730469	246.51829528808594	32.38980484008789
infected	0.8831506967544556	33.595699310302734	78.66539764404297	56.56493377685547	109.41959381103516
uninfected	0.8460820317268372	106.90339660644531	63.41965866088867	126.83685302734375	84.1081314086914
uninfected	0.8426508903503418	237.15249633789062	19.992477416992188	255.85972595214844	40.18405532836914
infected	0.830500066280365	57.26474380493164	169.69284057617188	82.1097183227539	193.42483520507812
uninfected	0.8126673698425293	108.8675537109375	122.5966796875	130.63665771484375	143.98587036132812
uninfected	0.733569860458374	130.23390197753906	231.89662170410156	149.22607421875	254.496337890625
uninfected	0.5905982851982117	14.278914451599121	111.716552734375	35.78892135620117	129.4375
uninfected	0.22052305936813354	58.28290557861328	170.0507049560547	81.98162841796875	192.3369903564453
uninfected	0.12721598148345947	93.10282135009766	233.16505432128906	109.722900390625	255.50946044921875
infected	0.12306277453899384	108.98260498046875	122.61549377441406	131.30300903320312	144.12448120117188
