uninfected	0.9993554949760437	216.6121826171875	60.10395812988281	233.89210510253906	82.74227142333984
uninfected	0.999283492565155	18.772777557373047	56.489013671875	37.75438690185547	79.75901794433594
uninfected	0.9992488026618958	220.65988159179688	150.36277770996094	239.00100708007812	172.79837036132812
uninfected	0.9991903901100159	50.55731964111328	201.92698669433594	68.37606048583984	225.963623046875
uninfected	0.9991509914398193	225.5468292236328	96.56668853759766	244.76089477539062	120.79290008544922
uninfected	0.9990116357803345	11.616913795471191	85.30685424804688	29.692739486694336	109.02306365966797
uninfected	0.9989870190620422	120.33890533447266	198.77003479003906	139.98619079589844	221.6503448486328
uninfected	0.9988946318626404	110.69075775146484	46.1981201171875	129.83792114257812	69.31676483154297
uninfected	0.9988871216773987	107.22162628173828	5.86274528503418	125.93268585205078	31.1782169342041
uninfected	0.998873770236969	43.261600494384766	163.09616088867188	60.91677474975586	185.80722045898438
uninfected	0.9988604784011841	138.4232940673828	154.1367950439453	158.9009246826172	178.3556671142578
uninfected	0.9985346794128418	162.44454956054688	132.69100952148438	180.2318572998047	159.51461791992188
uninfected	0.9985138773918152	159.0204315185547	166.74429321289062	176.47401428222656	193.5119171142578
uninfected	0.9984934329986572	21.341022491455078	128.9855499267578	41.31714630126953	155.46392822265625
uninfected	0.9983252882957458	201.42173767089844	131.0507049560547	220.2044219970703	155.6820526123047
uninfected	0.998308539390564	94.40443420410156	183.02207946777344	111.84148406982422	207.62408447265625
uninfected	0.998290479183197	77.1496810913086	193.14578247070312	95.3426513671875	218.40167236328125
uninfected	0.9977915287017822	173.7811737060547	175.3093719482422	192.39781188964844	200.33648681640625
uninfected	0.9977272152900696	136.1372833251953	46.574100494384766	154.57032775878906	68.78014373779297
uninfected	0.9973093271255493	183.32058715820312	104.58307647705078	202.29830932617188	129.38316345214844
uninfected	0.9972370862960815	225.217529296875	215.81118774414062	243.34600830078125	239.73712158203125
uninfected	0.9970020651817322	119.35848999023438	143.7491912841797	134.49952697753906	172.55718994140625
uninfected	0.9969106316566467	73.31270599365234	30.43254852294922	92.3160400390625	55.05143356323242
uninfected	0.9967873096466064	184.0647735595703	34.30765914916992	200.7864227294922	56.64834213256836
uninfected	0.9967036843299866	215.98426818847656	13.017133712768555	235.35032653808594	39.075252532958984
uninfected	0.996651828289032	177.06637573242188	126.3067626953125	195.8743896484375	151.64613342285156
uninfected	0.99581378698349	102.39234161376953	149.97683715820312	119.96851348876953	175.89906311035156
uninfected	0.9957422614097595	9.704230308532715	147.30076599121094	29.478578567504883	170.29261779785156
uninfected	0.9953964352607727	109.10919952392578	66.44792175292969	128.84068298339844	91.53689575195312
uninfected	0.9953906536102295	85.83008575439453	161.21975708007812	106.75498962402344	185.3625030517578
uninfected	0.9952918291091919	80.02116394042969	72.43805694580078	97.59580993652344	95.71272277832031
uninfected	0.995254635810852	235.09774780273438	73.02079772949219	253.55322265625	94.64453125
uninfected	0.9944394826889038	110.03914642333984	92.68109893798828	129.3984375	118.60832977294922
uninfected	0.9934583306312561	35.77937316894531	142.91905212402344	57.07204818725586	167.7567138671875
uninfected	0.9926193356513977	88.58165740966797	220.7507781982422	103.56499481201172	246.02191162109375
uninfected	0.9924280047416687	168.16175842285156	106.67330169677734	185.60292053222656	133.8332977294922
uninfected	0.9919712543487549	153.73171997070312	71.007080078125	172.64358520507812	95.60997009277344
uninfected	0.9913425445556641	179.9959716796875	208.24868774414062	199.55101013183594	233.6645050048828
uninfected	0.9912939667701721	85.833740234375	90.06303405761719	104.25496673583984	111.00694274902344
uninfected	0.9899570345878601	46.134613037109375	10.180826187133789	66.72578430175781	37.06528091430664
uninfected	0.9869330525398254	138.6946258544922	64.71086120605469	157.44400024414062	92.07371520996094
uninfected	0.9865070581436157	159.8878936767578	202.13714599609375	176.45172119140625	228.2994842529297
uninfected	0.986017644405365	75.02542114257812	52.11147689819336	95.2989730834961	74.95159149169922
uninfected	0.9856145977973938	197.8427734375	80.9188232421875	217.18507385253906	107.19625091552734
uninfected	0.9849593043327332	166.74375915527344	54.46369171142578	184.9318084716797	82.63410949707031
uninfected	0.984057605266571	6.79288911819458	166.05458068847656	24.95756721496582	189.64610290527344
uninfected	0.9811753630638123	168.05026245117188	81.54206848144531	184.0617218017578	105.50800323486328
uninfected	0.9800935387611389	203.56051635742188	113.30892944335938	226.7425994873047	135.5128173828125
uninfected	0.9767827987670898	126.1187744140625	131.75303649902344	144.910400390625	155.97323608398438
uninfected	0.9679877758026123	196.9036407470703	50.53038787841797	217.3158416748047	77.9164810180664
uninfected	0.9617070555686951	29.39887046813965	9.115004539489746	47.14925003051758	34.98451614379883
uninfected	0.9615488648414612	79.5486831665039	148.27664184570312	98.87996673583984	170.628173828125
uninfected	0.9602361917495728	35.990867614746094	48.03709411621094	54.62786102294922	75.57950592041016
uninfected	0.9596704244613647	182.01119995117188	83.0877685546875	200.46597290039062	106.44105529785156
uninfected	0.9548677802085876	216.2176513671875	205.24847412109375	238.7313690185547	225.50418090820312
uninfected	0.9515043497085571	171.65293884277344	196.9039764404297	191.7338409423828	224.05862426757812
uninfected	0.9433350563049316	80.3694839477539	107.08421325683594	100.28557586669922	134.05125427246094
uninfected	0.9411682486534119	24.311264038085938	27.830080032348633	43.28970718383789	50.93035888671875
uninfected	0.9349126219749451	182.9440155029297	56.09961700439453	199.65725708007812	85.70026397705078
uninfected	0.9344154596328735	59.0474739074707	44.029911041259766	75.32231140136719	72.6716079711914
uninfected	0.934305727481842	158.04112243652344	123.14491271972656	173.34999084472656	143.99395751953125
infected	0.8592510223388672	110.59078216552734	117.40128326416016	132.01023864746094	145.16258239746094
infected	0.8455278873443604	60.766136169433594	69.41132354736328	80.51114654541016	95.90377807617188
uninfected	0.7816774845123291	93.64439392089844	129.0476531982422	111.37306213378906	154.75103759765625
uninfected	0.7291864156723022	77.7736587524414	130.35971069335938	97.3751220703125	151.6000213623047
uninfected	0.6829068660736084	42.38301086425781	34.15589904785156	65.9227066040039	53.337791442871094
uninfected	0.6499106884002686	96.07427215576172	105.81491088867188	112.91390228271484	132.2120819091797
uninfected	0.5877572894096375	146.8928985595703	87.20103454589844	162.36026000976562	111.94261169433594
uninfected	0.23577292263507843	26.45258903503418	17.70003318786621	47.16608428955078	45.12472915649414
uninfected	0.20084218680858612	236.86163330078125	167.2924041748047	255.23683166503906	197.0629425048828
uninfected	0.06578622758388519	110.45535278320312	116.2567138671875	131.0641326904297	145.17999267578125
uninfected	0.061429888010025024	173.6658172607422	106.03568267822266	194.1504669189453	132.33477783203125
