uninfected	0.9996908903121948	231.25250244140625	47.93651580810547	248.5973358154297	72.1650161743164
uninfected	0.9996646642684937	200.53895568847656	170.739501953125	218.02508544921875	194.0699005126953
uninfected	0.9995631575584412	26.13165283203125	145.76698303222656	44.55162811279297	168.86729431152344
uninfected	0.9994860887527466	215.1284942626953	193.82028198242188	232.7893829345703	216.513916015625
uninfected	0.9994193315505981	225.0263671875	22.183767318725586	243.20382690429688	46.507694244384766
uninfected	0.999404788017273	166.83120727539062	61.67010498046875	184.4364776611328	84.79020690917969
uninfected	0.9993395209312439	203.10150146484375	11.157602310180664	221.0500946044922	34.58125305175781
uninfected	0.9991875290870667	123.8558578491211	17.16460609436035	144.39564514160156	40.00668716430664
uninfected	0.999180018901825	163.19366455078125	136.59507751464844	179.65760803222656	160.38064575195312
uninfected	0.9991318583488464	189.8085479736328	216.77024841308594	208.24659729003906	242.13848876953125
uninfected	0.9990956783294678	152.29554748535156	169.44161987304688	169.83241271972656	195.33680725097656
uninfected	0.9990764856338501	224.23731994628906	161.2387237548828	241.98489379882812	186.41818237304688
uninfected	0.9989691972732544	121.41015625	177.54837036132812	139.90769958496094	201.3910369873047
uninfected	0.9989442229270935	175.4151153564453	169.591552734375	193.5625	196.3174591064453
uninfected	0.9988597631454468	124.14192199707031	44.06700134277344	141.75706481933594	68.70466613769531
uninfected	0.998795747756958	106.05689239501953	88.90185546875	121.84822082519531	111.0570297241211
uninfected	0.9986817240715027	211.6058807373047	146.990234375	228.02005004882812	168.51861572265625
uninfected	0.998647153377533	101.6908187866211	4.563260555267334	119.67304229736328	27.38450050354004
uninfected	0.9985905289649963	124.90206146240234	74.42178344726562	142.8187713623047	98.14723205566406
uninfected	0.9985017776489258	91.66487884521484	116.94546508789062	106.21929168701172	140.54400634765625
uninfected	0.998322069644928	156.9243621826172	34.16661071777344	175.27540588378906	57.691200256347656
uninfected	0.998021125793457	14.54575252532959	107.51700592041016	34.06781005859375	132.76882934570312
uninfected	0.9980120658874512	144.16563415527344	76.2869644165039	163.13211059570312	101.06391143798828
uninfected	0.9979344606399536	174.8009490966797	225.16673278808594	193.8991241455078	250.1517791748047
uninfected	0.9971760511398315	106.70645141601562	211.34527587890625	126.77389526367188	237.0838165283203
uninfected	0.9971446394920349	56.63588333129883	179.74256896972656	76.53072357177734	205.32449340820312
uninfected	0.9970521926879883	57.67550277709961	69.07897186279297	75.63116455078125	92.81277465820312
uninfected	0.9967886209487915	146.8602752685547	132.70323181152344	163.426513671875	155.72508239746094
uninfected	0.9967069029808044	61.118080139160156	90.49124908447266	80.34550476074219	113.3969497680664
uninfected	0.9966028928756714	27.40532875061035	120.10873413085938	48.50477600097656	146.18780517578125
uninfected	0.9962253570556641	23.523324966430664	87.67041015625	43.83443832397461	112.01765441894531
uninfected	0.9961967468261719	65.05757904052734	56.94466781616211	84.46625518798828	81.9107666015625
uninfected	0.9951848387718201	133.53184509277344	96.2339859008789	150.0093536376953	121.3613052368164
uninfected	0.9951716065406799	35.011844635009766	221.69061279296875	54.20943069458008	245.38912963867188
uninfected	0.9949354529380798	148.96104431152344	99.05504608154297	168.73927307128906	127.20805358886719
uninfected	0.9948394894599915	138.17050170898438	148.02813720703125	157.49034118652344	174.0393524169922
uninfected	0.994106650352478	11.310258865356445	45.730682373046875	29.957231521606445	68.94237518310547
uninfected	0.992472767829895	135.87693786621094	59.63470458984375	153.88629150390625	82.14453125
uninfected	0.9920505881309509	4.814813613891602	63.0060920715332	24.010013580322266	87.79080200195312
uninfected	0.9915116429328918	80.7336196899414	221.126953125	100.54212951660156	250.11441040039062
uninfected	0.9907910823822021	35.15066909790039	51.320369720458984	53.91241455078125	76.93981170654297
uninfected	0.9849606156349182	21.187822341918945	196.0511474609375	42.32035446166992	223.74411010742188
uninfected	0.9826127290725708	93.70264434814453	23.45734405517578	111.46695709228516	46.33819580078125
uninfected	0.9822462797164917	120.36882781982422	133.31784057617188	141.41795349121094	157.07736206054688
uninfected	0.9768608808517456	107.65126037597656	123.39886474609375	126.53994750976562	146.15234375
uninfected	0.9755935668945312	87.77233123779297	38.51335906982422	107.36760711669922	62.43162155151367
uninfected	0.9672778844833374	120.82440185546875	152.7301483154297	141.65469360351562	175.9777069091797
uninfected	0.9419737458229065	21.523786544799805	230.1142120361328	38.80268096923828	255.69952392578125
uninfected	0.9112740159034729	33.722557067871094	67.8106689453125	51.59514617919922	87.85343933105469
uninfected	0.9061298966407776	212.40248107910156	223.23667907714844	228.5667266845703	244.94288635253906
infected	0.8986913561820984	39.83953094482422	190.0681915283203	62.25315475463867	219.46139526367188
uninfected	0.8951650857925415	103.62002563476562	63.3746223449707	125.18141174316406	85.76416015625
infected	0.8578878045082092	87.70974731445312	64.57099151611328	111.36750030517578	85.1087417602539
infected	0.847832202911377	66.49351501464844	110.58936309814453	87.73460388183594	137.1283416748047
infected	0.7922831773757935	65.38648223876953	33.25240707397461	86.36959838867188	57.68347930908203
uninfected	0.6484291553497314	149.47640991210938	14.034332275390625	167.3112335205078	40.31007766723633
uninfected	0.29944631457328796	212.58351135253906	232.20849609375	238.64187622070312	254.0255584716797
infected	0.28635913133621216	149.6967010498047	14.317655563354492	167.67181396484375	39.90513610839844
uninfected	0.09712330251932144	89.12657165527344	63.43214797973633	113.01336669921875	85.09710693359375
infected	0.09484323859214783	103.29534912109375	63.273895263671875	125.25025177001953	86.50662994384766
uninfected	0.09253344684839249	65.51789093017578	32.7835693359375	87.05029296875	58.31515121459961
uninfected	0.08098892122507095	40.40974807739258	189.6259307861328	62.70792007446289	218.04925537109375
uninfected	0.06807662546634674	66.37315368652344	109.7802505493164	87.9513931274414	137.2847442626953
