uninfected	0.9994959831237793	61.891727447509766	42.84882736206055	79.42750549316406	67.66934204101562
uninfected	0.9994779229164124	220.70669555664062	195.55870056152344	237.86407470703125	219.67730712890625
uninfected	0.9994211196899414	81.45254516601562	2.7803051471710205	97.40026092529297	24.128969192504883
uninfected	0.9991647005081177	237.62277221679688	181.35299682617188	253.32659912109375	204.33258056640625
uninfected	0.9990028738975525	107.09568786621094	191.6497802734375	125.2822494506836	214.8050994873047
uninfected	0.9989689588546753	120.3442153930664	175.77853393554688	135.07728576660156	197.60220336914062
uninfected	0.9986636638641357	144.3249053955078	154.35928344726562	162.95571899414062	178.38121032714844
uninfected	0.9985558390617371	94.80365753173828	134.78553771972656	113.08766174316406	160.9323272705078
uninfected	0.9984022974967957	83.93855285644531	107.84100341796875	101.41212463378906	135.11260986328125
uninfected	0.9980790615081787	87.90443420410156	42.78336715698242	106.11200714111328	72.21404266357422
uninfected	0.9979844093322754	96.97914123535156	57.420047760009766	115.92484283447266	82.38772583007812
uninfected	0.9977356195449829	64.13948059082031	179.84158325195312	81.9127197265625	206.26516723632812
uninfected	0.9977203011512756	66.32196807861328	70.74437713623047	84.6930160522461	93.76287078857422
uninfected	0.9977136850357056	128.20620727539062	216.48321533203125	143.87710571289062	237.3783416748047
uninfected	0.997666597366333	116.53355407714844	44.097572326660156	136.61167907714844	69.5554428100586
uninfected	0.9973692893981934	169.0927276611328	18.14662742614746	189.99159240722656	44.50754165649414
uninfected	0.9973015189170837	126.62149047851562	158.9735565185547	146.0079345703125	183.37635803222656
uninfected	0.9972623586654663	67.75373077392578	132.3038330078125	86.1164321899414	160.78182983398438
uninfected	0.9972168207168579	4.948764324188232	75.17184448242188	21.15538215637207	100.47557067871094
uninfected	0.9961729645729065	157.67361450195312	79.03208923339844	179.23675537109375	102.0322265625
uninfected	0.9960302710533142	120.19281768798828	20.091339111328125	140.0781707763672	46.46257781982422
uninfected	0.9958101511001587	17.348098754882812	153.5371551513672	35.15074157714844	176.874267578125
uninfected	0.995535135269165	170.7659912109375	155.95350646972656	188.9161834716797	179.40928649902344
uninfected	0.995013415813446	40.6021614074707	191.42730712890625	58.48900604248047	221.25706481933594
uninfected	0.9947180151939392	52.42354965209961	106.90350341796875	68.8945083618164	131.14547729492188
uninfected	0.9923972487449646	156.78958129882812	170.98898315429688	176.892333984375	192.8181610107422
uninfected	0.9900162816047668	9.718048095703125	222.87945556640625	27.70269012451172	250.49765014648438
uninfected	0.989587664604187	60.65428924560547	90.561279296875	77.44515991210938	114.10553741455078
uninfected	0.9850634336471558	165.2667999267578	111.21709442138672	184.62503051757812	135.63034057617188
uninfected	0.9826130867004395	67.0702896118164	108.79110717773438	85.06829833984375	135.48492431640625
uninfected	0.982600748538971	76.41439056396484	209.70069885253906	94.82935333251953	236.993896484375
uninfected	0.9598839282989502	138.1157989501953	78.25010681152344	155.85052490234375	101.75601196289062
uninfected	0.9570972323417664	142.19461059570312	222.4193572998047	161.7063751220703	246.86532592773438
uninfected	0.9363064169883728	20.284791946411133	114.23029327392578	39.11885452270508	141.33970642089844
uninfected	0.8904514908790588	11.7426118850708	108.96343231201172	28.786447525024414	133.54974365234375
infected	0.8705375790596008	144.16519165039062	97.28275299072266	170.41107177734375	121.4251937866211
infected	0.8509923815727234	52.18234634399414	132.10769653320312	70.30227661132812	162.52694702148438
uninfected	0.8204180598258972	1.9548619985580444	144.05126953125	20.966875076293945	167.75357055664062
infected	0.8071437478065491	144.11537170410156	131.25302124023438	169.93028259277344	160.1254425048828
infected	0.6789299249649048	168.23683166503906	133.9738006591797	187.22581481933594	158.3414306640625
uninfected	0.44795647263526917	5.959292411804199	129.13719177246094	24.2083683013916	148.51536560058594
uninfected	0.3447076082229614	30.668386459350586	89.22525787353516	41.286712646484375	104.82467651367188
uninfected	0.23464177548885345	52.31412124633789	132.4921875	69.94585418701172	161.98802185058594
uninfected	0.1543108969926834	144.1064453125	131.66842651367188	169.8473358154297	160.94366455078125
uninfected	0.13676948845386505	35.86827850341797	14.299064636230469	46.52124786376953	29.09442138671875
uninfected	0.09406738728284836	168.20806884765625	133.71287536621094	186.94039916992188	158.036376953125
