uninfected	0.9993867874145508	20.99553108215332	59.34920120239258	38.69379425048828	82.99042510986328
uninfected	0.9993566870689392	204.92120361328125	124.21614074707031	222.3359375	148.4982147216797
uninfected	0.9975294470787048	209.95481872558594	180.0729217529297	227.90423583984375	204.63381958007812
uninfected	0.9970942735671997	159.7347412109375	202.6337127685547	177.59934997558594	226.74522399902344
uninfected	0.9964588284492493	182.9142608642578	15.875567436218262	200.8375701904297	40.47736358642578
uninfected	0.9946494698524475	206.19569396972656	9.963019371032715	224.4287872314453	36.34560775756836
uninfected	0.9945017099380493	187.3406982421875	35.7341194152832	204.1659698486328	61.13008499145508
uninfected	0.992741584777832	146.73191833496094	229.4053497314453	162.92616271972656	252.0123748779297
uninfected	0.9924315214157104	75.81761169433594	201.3738555908203	94.34417724609375	227.4082794189453
uninfected	0.992122232913971	213.6375274658203	211.55470275878906	228.6953125	234.428955078125
uninfected	0.9872708916664124	85.68240356445312	217.7426300048828	103.22439575195312	243.16903686523438
uninfected	0.9836723208427429	201.4661102294922	37.96484375	217.95993041992188	59.80632781982422
uninfected	0.9829922318458557	11.332159042358398	131.3099822998047	30.940092086791992	156.3800506591797
uninfected	0.9784348011016846	77.3543930053711	66.52009582519531	94.61085510253906	92.86380004882812
uninfected	0.978070080280304	87.73896026611328	119.8929672241211	107.02841186523438	146.56541442871094
uninfected	0.9763245582580566	109.11035919189453	212.94720458984375	126.22026062011719	238.0599822998047
uninfected	0.9679747819900513	111.75824737548828	1.387518286705017	129.25059509277344	27.96527862548828
uninfected	0.9669433832168579	46.20494842529297	53.26313400268555	62.200927734375	79.63799285888672
uninfected	0.9605271220207214	1.534220576286316	114.19216918945312	19.673933029174805	139.8524932861328
uninfected	0.9481636881828308	80.48887634277344	105.44293975830078	98.26670837402344	130.64990234375
uninfected	0.9476483464241028	41.28346252441406	151.63316345214844	58.33335494995117	179.3660430908203
uninfected	0.9474830031394958	116.64006805419922	159.5598602294922	133.64512634277344	186.33493041992188
uninfected	0.9291017651557922	88.6136703491211	11.68399715423584	104.9604263305664	38.777034759521484
uninfected	0.8884268403053284	97.58600616455078	140.36012268066406	114.00779724121094	165.1434326171875
uninfected	0.8839707374572754	196.95767211914062	217.7833709716797	212.53521728515625	245.7258758544922
uninfected	0.8478824496269226	69.7784652709961	94.6685562133789	88.41179656982422	124.42041015625
uninfected	0.7149251103401184	36.898563385009766	13.700369834899902	53.145164489746094	41.82994079589844
uninfected	0.5943456888198853	91.16511535644531	26.098196029663086	109.05058288574219	60.381103515625
uninfected	0.5833290815353394	149.87435913085938	162.03811645507812	166.70089721679688	190.0563201904297
uninfected	0.5107455253601074	232.75155639648438	198.29541015625	242.218505859375	215.75372314453125
uninfected	0.3494926989078522	112.24125671386719	26.631500244140625	129.6820526123047	50.41364288330078
infected	0.3379414975643158	91.56214904785156	26.637672424316406	109.94671630859375	59.27077102661133
uninfected	0.31430959701538086	224.49142456054688	106.52892303466797	242.18563842773438	131.2525177001953
infected	0.3117140829563141	224.2795867919922	106.7740478515625	242.52931213378906	131.41043090820312
infected	0.21873944997787476	149.53573608398438	162.31228637695312	166.94708251953125	189.96096801757812
uninfected	0.19604678452014923	101.86637115478516	37.2634162902832	118.32588958740234	67.23863983154297
infected	0.1829041987657547	46.29233169555664	112.68303680419922	69.23381042480469	139.6413116455078
uninfected	0.169048011302948	116.777099609375	46.7647705078125	133.41001892089844	74.62561798095703
uninfected	0.13416734337806702	78.73194885253906	25.724287033081055	94.04988098144531	59.1158561706543
infected	0.11902792751789093	116.15474700927734	47.041229248046875	133.85101318359375	75.44644165039062
uninfected	0.06771298497915268	47.54157257080078	113.28445434570312	68.59819793701172	139.87255859375
