uninfected	0.9997345805168152	203.95152282714844	148.33164978027344	221.6912078857422	172.40884399414062
uninfected	0.9997162222862244	209.6311492919922	56.37299346923828	226.39602661132812	78.96836853027344
uninfected	0.9997009038925171	204.91128540039062	98.30191040039062	221.0946807861328	121.19466400146484
uninfected	0.9996017813682556	11.871516227722168	165.8664093017578	28.97901153564453	188.2822265625
uninfected	0.9995902180671692	49.35182571411133	164.6339569091797	67.67505645751953	188.5374755859375
uninfected	0.9995219707489014	62.006229400634766	94.19794464111328	77.8219223022461	116.43466186523438
uninfected	0.9994847774505615	193.85610961914062	85.91194915771484	209.32872009277344	107.18669891357422
uninfected	0.9992603659629822	175.64773559570312	56.11622619628906	193.21116638183594	77.58309936523438
uninfected	0.9992191791534424	201.8734588623047	35.76573944091797	218.05856323242188	56.5392951965332
uninfected	0.9991269707679749	8.021096229553223	211.92379760742188	24.078521728515625	233.75762939453125
uninfected	0.9991088509559631	118.4116439819336	165.98410034179688	133.82411193847656	186.7557830810547
uninfected	0.9991064667701721	54.48732376098633	224.7786865234375	71.26825714111328	245.46954345703125
uninfected	0.9990461468696594	97.25807189941406	75.70816040039062	112.47723388671875	97.86795043945312
uninfected	0.9985188841819763	77.2994613647461	113.01325225830078	94.33049774169922	140.23353576660156
uninfected	0.9984524250030518	223.86294555664062	24.602584838867188	238.70985412597656	44.85053634643555
uninfected	0.9979326725006104	137.718994140625	31.981639862060547	154.35385131835938	59.015663146972656
uninfected	0.9979065656661987	151.19468688964844	197.79701232910156	166.7372283935547	218.92349243164062
uninfected	0.9978572726249695	159.27841186523438	106.57911682128906	172.2857208251953	127.00405883789062
uninfected	0.9975171089172363	81.20149993896484	14.592233657836914	97.86399841308594	37.34558868408203
uninfected	0.9963674545288086	208.5908203125	21.998714447021484	224.7284393310547	42.52809143066406
uninfected	0.9953598380088806	105.44036865234375	114.63473510742188	119.18122863769531	133.38504028320312
uninfected	0.994874894618988	222.9199981689453	132.96173095703125	238.39881896972656	157.72879028320312
uninfected	0.9913612008094788	92.87461853027344	125.80397033691406	106.29051208496094	143.41297912597656
uninfected	0.9820976853370667	212.02166748046875	8.1906156539917	229.2138214111328	28.501853942871094
uninfected	0.9819133877754211	102.70780944824219	136.41287231445312	115.01335906982422	152.90170288085938
uninfected	0.9677249789237976	27.01694679260254	228.89553833007812	39.38295364379883	245.5127716064453
uninfected	0.9501738548278809	180.75865173339844	231.52967834472656	193.92068481445312	251.00636291503906
uninfected	0.9385156631469727	120.83516693115234	138.4429473876953	133.5465545654297	154.83084106445312
uninfected	0.9109148979187012	172.73052978515625	100.36490631103516	189.2921600341797	126.3467025756836
uninfected	0.865016758441925	13.167938232421875	95.44718170166016	30.694677352905273	117.68702697753906
uninfected	0.8454058766365051	228.75511169433594	154.6911163330078	242.13612365722656	176.752197265625
uninfected	0.7856646180152893	110.9718246459961	132.27696228027344	123.8888168334961	155.80535888671875
infected	0.765713095664978	109.70970153808594	92.93185424804688	126.42529296875	113.50685119628906
uninfected	0.716867208480835	229.98114013671875	226.51434326171875	247.8216094970703	244.9563751220703
uninfected	0.3728081285953522	173.08546447753906	204.3287811279297	188.38832092285156	221.05213928222656
uninfected	0.08653600513935089	1.7656481266021729	124.71958923339844	14.467883110046387	138.8400115966797
