uninfected	0.9982082843780518	124.54942321777344	101.62779235839844	143.26544189453125	124.41030883789062
uninfected	0.9981167316436768	38.10799789428711	105.98982238769531	55.006019592285156	130.82220458984375
uninfected	0.9980037808418274	184.21372985839844	114.83051300048828	202.71275329589844	138.5762176513672
uninfected	0.9967032074928284	1.8375238180160522	182.76356506347656	20.374757766723633	206.36399841308594
uninfected	0.9966580867767334	37.799373626708984	167.2022247314453	58.20484161376953	192.64756774902344
uninfected	0.9960772395133972	230.48634338378906	37.96535110473633	249.40884399414062	62.70539855957031
uninfected	0.9942896366119385	55.09382629394531	109.97933959960938	72.69901275634766	136.0620574951172
uninfected	0.9935643076896667	81.30681610107422	8.010086059570312	99.3639144897461	34.386199951171875
uninfected	0.9934206604957581	100.14398193359375	7.652476787567139	120.72869110107422	29.746795654296875
uninfected	0.9931392073631287	207.29502868652344	145.4576873779297	226.14984130859375	168.5604705810547
uninfected	0.9929081201553345	139.28611755371094	27.212995529174805	158.23631286621094	51.74129867553711
uninfected	0.9928861260414124	19.59644889831543	37.8284797668457	40.72307205200195	64.52446746826172
uninfected	0.9917619228363037	55.14986801147461	3.2093443870544434	72.94368743896484	28.973886489868164
uninfected	0.991668701171875	230.68380737304688	162.86962890625	248.3363800048828	186.07763671875
uninfected	0.9914737939834595	44.0421028137207	141.67213439941406	64.96580505371094	167.2608184814453
uninfected	0.9905697107315063	188.7609100341797	32.65215301513672	208.73446655273438	53.20518112182617
uninfected	0.9896255135536194	78.8602294921875	216.28228759765625	96.2865219116211	242.8655548095703
uninfected	0.9890792965888977	196.25169372558594	8.76378059387207	214.69232177734375	32.472740173339844
uninfected	0.9878655076026917	203.74673461914062	180.5370635986328	224.83853149414062	204.94972229003906
uninfected	0.9869673848152161	124.60462951660156	2.4041686058044434	148.0028533935547	26.367244720458984
uninfected	0.9858996272087097	139.08724975585938	219.88841247558594	161.33523559570312	240.67529296875
uninfected	0.9850730299949646	8.259490966796875	223.88677978515625	27.161293029785156	245.04153442382812
uninfected	0.9839646816253662	143.25926208496094	92.83305358886719	162.13677978515625	115.80587005615234
uninfected	0.9829199910163879	22.158309936523438	120.67110443115234	40.46512985229492	146.53208923339844
uninfected	0.9816496968269348	185.7083282470703	170.93263244628906	207.23876953125	192.56060791015625
uninfected	0.9814155101776123	216.0506591796875	76.2655258178711	234.40530395507812	100.36183166503906
uninfected	0.9810975790023804	99.34071350097656	29.24380874633789	119.46973419189453	54.40103530883789
uninfected	0.9809677004814148	228.83140563964844	63.02708053588867	249.78878784179688	83.20103454589844
uninfected	0.9801401495933533	128.65940856933594	51.9815673828125	149.37234497070312	75.71354675292969
uninfected	0.979435920715332	146.22671508789062	181.540283203125	166.6082000732422	201.89732360839844
uninfected	0.970887303352356	113.09795379638672	42.80241012573242	131.96298217773438	70.319091796875
uninfected	0.9655249118804932	132.55831909179688	73.52123260498047	154.94021606445312	97.31316375732422
uninfected	0.9615947008132935	59.6712760925293	80.83087921142578	77.31572723388672	108.78398132324219
uninfected	0.9512355923652649	18.68266487121582	152.49496459960938	34.40118408203125	179.03472900390625
uninfected	0.9341734051704407	194.44088745117188	126.95561218261719	215.76084899902344	151.30596923828125
uninfected	0.9111456274986267	103.4346923828125	53.38797378540039	121.43289947509766	76.5336685180664
uninfected	0.8763482570648193	68.18668365478516	153.0269317626953	84.05074310302734	181.1038818359375
uninfected	0.8740381002426147	144.93844604492188	157.74472045898438	165.7521514892578	183.11643981933594
uninfected	0.7942567467689514	81.50242614746094	80.63841247558594	100.49198150634766	105.20535278320312
uninfected	0.7712072730064392	75.71135711669922	142.12002563476562	96.11261749267578	167.84283447265625
uninfected	0.6066668629646301	234.2060546875	214.48880004882812	250.49612426757812	239.41329956054688
infected	0.47681277990341187	31.26958465576172	81.1383056640625	47.745086669921875	107.52888488769531
uninfected	0.22464050352573395	204.6520538330078	228.68115234375	231.29052734375	248.91517639160156
uninfected	0.10473214834928513	32.292964935302734	81.4235610961914	46.966487884521484	106.37489318847656
uninfected	0.05329537019133568	160.41758728027344	9.682930946350098	178.60470581054688	32.60470199584961
