uninfected	0.9996587038040161	119.80369567871094	41.27949142456055	136.52276611328125	66.34964752197266
uninfected	0.9996054768562317	158.7013702392578	123.6202621459961	176.2577362060547	150.04656982421875
uninfected	0.9995817542076111	110.25001525878906	66.72020721435547	129.85008239746094	91.59263610839844
uninfected	0.9995558857917786	176.48492431640625	124.676513671875	194.08811950683594	149.3553924560547
uninfected	0.9994779229164124	77.1502914428711	147.3515167236328	95.46759796142578	171.71002197265625
uninfected	0.999472439289093	119.68893432617188	17.853260040283203	138.32699584960938	41.01505661010742
uninfected	0.9994687438011169	61.84982681274414	100.75927734375	80.67176055908203	125.04876708984375
uninfected	0.9994339346885681	30.702104568481445	88.78189086914062	47.94974899291992	113.33294677734375
uninfected	0.9993299245834351	223.06919860839844	211.9059295654297	242.00021362304688	237.4989013671875
uninfected	0.9991992115974426	143.14695739746094	129.57437133789062	159.34255981445312	152.81544494628906
uninfected	0.9990853071212769	124.1349105834961	198.95516967773438	142.1265106201172	223.7101287841797
uninfected	0.9990571141242981	213.4310302734375	178.68809509277344	231.8683319091797	202.79959106445312
uninfected	0.9989619255065918	136.2288055419922	51.03431701660156	155.6307830810547	76.30716705322266
uninfected	0.9987851977348328	141.81248474121094	28.652191162109375	160.15684509277344	52.78157424926758
uninfected	0.9987471103668213	73.49205780029297	169.95751953125	92.30625915527344	195.179931640625
uninfected	0.9986554384231567	232.9136199951172	26.077720642089844	250.84671020507812	50.31388473510742
uninfected	0.9986521601676941	161.4054412841797	79.6510009765625	180.10877990722656	105.43059539794922
uninfected	0.9985985159873962	53.6671142578125	137.45465087890625	72.65082550048828	162.41929626464844
uninfected	0.9985878467559814	141.61512756347656	231.09298706054688	160.1362762451172	251.4156036376953
uninfected	0.998537540435791	101.173583984375	229.77288818359375	119.71479034423828	252.4637451171875
uninfected	0.9984912872314453	124.45392608642578	117.46663665771484	143.9538116455078	143.5730438232422
uninfected	0.9984362721443176	109.13914489746094	159.02398681640625	128.09535217285156	184.94847106933594
uninfected	0.9983803033828735	27.25389289855957	6.219376087188721	44.25727462768555	30.081274032592773
uninfected	0.9983275532722473	161.54444885253906	173.927490234375	180.05105590820312	199.13702392578125
uninfected	0.9982036352157593	197.0992889404297	51.42334747314453	216.07472229003906	76.60054779052734
uninfected	0.9975844621658325	189.87998962402344	187.9973907470703	207.212646484375	214.9729766845703
uninfected	0.9974187612533569	150.150146484375	183.707275390625	167.9647674560547	206.43426513671875
uninfected	0.9973626732826233	8.151984214782715	39.95112228393555	24.809032440185547	65.3235855102539
uninfected	0.9967057108879089	131.0176239013672	89.96456146240234	148.9752197265625	116.08818817138672
uninfected	0.9965906143188477	133.4391632080078	222.2119140625	149.63412475585938	243.7295684814453
uninfected	0.995172917842865	233.45846557617188	133.17523193359375	254.1016387939453	158.22769165039062
uninfected	0.9920334219932556	145.23240661621094	199.56570434570312	162.41786193847656	226.26409912109375
uninfected	0.9863587021827698	233.74758911132812	111.44281768798828	253.84246826171875	136.8882293701172
uninfected	0.9838735461235046	195.915283203125	224.50538635253906	213.21212768554688	250.35018920898438
uninfected	0.9808961153030396	1.4768999814987183	155.69541931152344	20.06374740600586	182.96620178222656
uninfected	0.9807355999946594	16.96595001220703	70.2249755859375	35.37262725830078	92.14422607421875
uninfected	0.9790742993354797	173.40219116210938	193.66110229492188	193.9081268310547	224.83963012695312
uninfected	0.9758294820785522	218.7595977783203	113.69989013671875	236.10023498535156	136.19879150390625
uninfected	0.9125556945800781	141.3666229248047	6.703697204589844	161.59632873535156	29.123870849609375
infected	0.8907440304756165	160.89463806152344	205.8880615234375	179.98873901367188	236.67266845703125
infected	0.8460923433303833	51.86845016479492	60.401546478271484	80.73517608642578	86.02043914794922
uninfected	0.824894905090332	24.81135368347168	47.64897918701172	40.03697967529297	71.69890594482422
uninfected	0.7298513650894165	87.41291809082031	47.70639419555664	105.51752471923828	64.33869934082031
uninfected	0.6173826456069946	71.91883850097656	75.73594665527344	85.8744125366211	92.06742858886719
infected	0.3605242967605591	177.7044219970703	221.6171417236328	196.36192321777344	243.97886657714844
uninfected	0.33638760447502136	80.7514877319336	59.07930374145508	97.8004379272461	86.70637512207031
uninfected	0.2881339490413666	177.8119659423828	221.47789001464844	196.2297821044922	243.9324493408203
uninfected	0.2584627866744995	51.5722541809082	55.264617919921875	82.40324401855469	87.43352508544922
infected	0.221575066447258	141.11453247070312	6.345383167266846	161.392333984375	29.665678024291992
uninfected	0.08647442609071732	160.84535217285156	203.72080993652344	180.58413696289062	236.42987060546875
uninfected	0.08584634959697723	221.1805877685547	239.26864624023438	232.601318359375	253.8636474609375
