uninfected	0.9995195865631104	159.43392944335938	31.563167572021484	177.12173461914062	56.479427337646484
uninfected	0.9988358616828918	157.02423095703125	81.49491882324219	174.62240600585938	105.79888153076172
uninfected	0.9984651803970337	15.508479118347168	194.9259796142578	34.37833786010742	219.86090087890625
uninfected	0.9980422258377075	4.659082412719727	174.9859161376953	23.581029891967773	197.85446166992188
uninfected	0.9979958534240723	132.44908142089844	220.57716369628906	152.20889282226562	247.4023895263672
uninfected	0.9977399110794067	95.08084869384766	208.3977813720703	113.59830474853516	232.232666015625
uninfected	0.9976738095283508	184.52989196777344	110.71381378173828	203.59286499023438	136.2423553466797
uninfected	0.9973481893539429	42.44390106201172	183.26913452148438	61.96979904174805	209.08506774902344
uninfected	0.9973159432411194	230.3074951171875	62.97347640991211	247.95635986328125	88.2450180053711
uninfected	0.9971193075180054	172.10552978515625	42.96688461303711	188.29766845703125	67.48705291748047
uninfected	0.9969894289970398	23.075586318969727	169.61526489257812	41.06110763549805	197.39952087402344
uninfected	0.9968501925468445	125.72880554199219	174.71107482910156	145.17320251464844	201.4319305419922
uninfected	0.9966738224029541	215.05288696289062	131.1211395263672	232.08987426757812	156.585693359375
uninfected	0.9961739182472229	202.02706909179688	145.08592224121094	219.60256958007812	167.38287353515625
uninfected	0.9957233667373657	186.45556640625	80.41718292236328	202.64208984375	107.69033813476562
uninfected	0.9952150583267212	201.6532745361328	187.91650390625	219.98983764648438	212.581298828125
uninfected	0.9951149225234985	26.579816818237305	134.90142822265625	43.68365478515625	159.1117706298828
uninfected	0.9948834776878357	213.36013793945312	200.2054443359375	233.383056640625	224.0601348876953
uninfected	0.9948756098747253	109.65267181396484	187.3977813720703	128.851318359375	210.65493774414062
uninfected	0.9935552477836609	85.92689514160156	227.42245483398438	105.30974578857422	251.636474609375
uninfected	0.9934988021850586	71.91960906982422	172.5783233642578	90.13516235351562	197.60194396972656
uninfected	0.9934777021408081	26.254682540893555	34.3249397277832	45.760780334472656	60.74479293823242
uninfected	0.9929621815681458	112.69976043701172	207.89794921875	132.76339721679688	233.14617919921875
uninfected	0.9928232431411743	171.92201232910156	93.13609313964844	186.45806884765625	117.33273315429688
uninfected	0.9917899370193481	141.70469665527344	199.3125	164.19332885742188	224.36260986328125
uninfected	0.9911003708839417	35.81498336791992	11.656172752380371	53.23529052734375	35.2197151184082
uninfected	0.990032434463501	52.47439193725586	166.1857147216797	71.1592788696289	193.1187286376953
uninfected	0.9897968173027039	154.93646240234375	8.268035888671875	177.2827911376953	31.75147819519043
uninfected	0.9897140860557556	146.2957763671875	41.10521697998047	163.87843322753906	63.69830322265625
uninfected	0.9890663623809814	224.69476318359375	118.85091400146484	247.96389770507812	140.8201904296875
uninfected	0.9872101545333862	73.25688934326172	16.64987564086914	92.5840835571289	43.01056671142578
uninfected	0.9869482517242432	206.06448364257812	164.82289123535156	224.67811584472656	190.1024169921875
uninfected	0.984897792339325	85.0838623046875	184.77053833007812	105.49056243896484	209.18089294433594
uninfected	0.9822922945022583	64.49256896972656	31.544443130493164	84.58709716796875	59.78628921508789
uninfected	0.9808008074760437	84.19417572021484	77.57546997070312	103.72761535644531	103.96463775634766
uninfected	0.9752853512763977	84.25605010986328	39.600650787353516	103.25493621826172	63.37324142456055
uninfected	0.9726800918579102	231.265380859375	184.2421112060547	250.65081787109375	209.4861602783203
uninfected	0.9720936417579651	166.00125122070312	156.47122192382812	182.6298828125	178.5002899169922
uninfected	0.9692721962928772	175.59716796875	227.69476318359375	193.37619018554688	246.58518981933594
uninfected	0.968241810798645	130.32830810546875	31.368452072143555	148.81890869140625	56.4979133605957
uninfected	0.9668521881103516	46.67365264892578	22.18021011352539	65.02287292480469	45.86361312866211
uninfected	0.9661954045295715	70.43334197998047	124.65597534179688	89.86373901367188	149.84591674804688
uninfected	0.9631244540214539	37.87590408325195	44.1494140625	55.09490966796875	71.96418762207031
uninfected	0.9604859948158264	4.326122760772705	50.28119659423828	20.707679748535156	79.81331634521484
uninfected	0.957923412322998	21.401491165161133	130.4805908203125	38.70038604736328	157.98574829101562
uninfected	0.9527547359466553	228.74771118164062	154.09750366210938	246.7425994873047	178.75038146972656
uninfected	0.9484401345252991	101.25472259521484	167.60658264160156	119.23585510253906	194.7829132080078
uninfected	0.9478978514671326	11.152106285095215	91.10243225097656	27.578954696655273	119.33137512207031
uninfected	0.9449036717414856	33.30152893066406	154.97634887695312	53.49738693237305	182.5665740966797
uninfected	0.9448177814483643	92.1718521118164	99.60362243652344	112.24605560302734	125.92170715332031
uninfected	0.9447805285453796	145.28884887695312	64.42835998535156	165.45350646972656	86.19071960449219
uninfected	0.9336517453193665	36.27847671508789	104.29560089111328	50.047664642333984	125.24689483642578
uninfected	0.9267724752426147	161.689208984375	135.37803649902344	181.0667266845703	156.71421813964844
uninfected	0.9209712743759155	25.590002059936523	60.02616500854492	42.24360275268555	86.61042785644531
uninfected	0.8988500237464905	234.45079040527344	136.32656860351562	254.078369140625	161.08502197265625
uninfected	0.8930545449256897	215.60137939453125	177.76876831054688	233.76075744628906	203.01341247558594
infected	0.8628321886062622	89.14527130126953	122.59593200683594	109.61552429199219	155.3383026123047
uninfected	0.8607601523399353	161.67758178710938	178.49818420410156	179.39564514160156	208.50067138671875
uninfected	0.848048985004425	138.12620544433594	9.275160789489746	155.80160522460938	31.773719787597656
uninfected	0.8384153246879578	147.3190460205078	162.40487670898438	171.29159545898438	185.0607452392578
uninfected	0.8360263109207153	52.76317596435547	75.644775390625	70.2841567993164	99.10579681396484
uninfected	0.8022315502166748	55.69712448120117	96.60875701904297	72.5534896850586	118.32975006103516
uninfected	0.7997901439666748	80.29991912841797	148.91395568847656	96.49295043945312	175.14219665527344
uninfected	0.7990463376045227	16.483745574951172	64.02384948730469	33.97947692871094	99.97466278076172
uninfected	0.7559515833854675	229.74185180664062	99.83363342285156	245.26541137695312	121.32708740234375
uninfected	0.7346460819244385	50.984397888183594	129.6033935546875	70.914306640625	152.86790466308594
uninfected	0.7295183539390564	146.62210083007812	180.92483520507812	168.02896118164062	203.75296020507812
uninfected	0.7195802330970764	118.93160247802734	49.22249221801758	139.245849609375	73.8678970336914
uninfected	0.7157056331634521	137.2727813720703	78.36775970458984	156.82823181152344	102.55467224121094
uninfected	0.7048957943916321	54.56188201904297	41.239959716796875	71.9482192993164	73.95990753173828
uninfected	0.7015175223350525	88.78473663330078	7.07485818862915	107.901123046875	37.71239471435547
uninfected	0.6846686601638794	160.15093994140625	113.33988952636719	177.63717651367188	138.4487762451172
uninfected	0.6648725867271423	65.57913208007812	56.030189514160156	86.91032409667969	83.03079223632812
uninfected	0.6601544618606567	117.8669662475586	156.13412475585938	137.41079711914062	181.06752014160156
uninfected	0.6550884246826172	119.7054443359375	15.199610710144043	138.8837432861328	36.78187942504883
uninfected	0.641693651676178	139.47996520996094	101.68158721923828	159.21844482421875	125.36762237548828
uninfected	0.6311131715774536	102.40042877197266	39.9923210144043	117.90079498291016	66.64558410644531
uninfected	0.6253438591957092	103.43479919433594	14.43116283416748	121.26581573486328	42.6193733215332
uninfected	0.5746981501579285	60.90167236328125	147.07032775878906	82.85527801513672	172.8153533935547
uninfected	0.528700590133667	97.69148254394531	148.9356231689453	114.40064239501953	169.8984375
uninfected	0.5067868828773499	87.28728485107422	166.22097778320312	104.65876770019531	188.35987854003906
uninfected	0.5017291307449341	37.85859680175781	64.37116241455078	56.06227493286133	86.67424774169922
uninfected	0.4578145742416382	60.98025131225586	78.83905792236328	83.91350555419922	106.52198791503906
uninfected	0.4091370403766632	73.84049224853516	103.01824188232422	94.47252655029297	126.39595794677734
uninfected	0.3668951690196991	93.20525360107422	55.22687911987305	112.27152252197266	83.22972106933594
uninfected	0.33578312397003174	45.018856048583984	113.27347564697266	77.25729370117188	136.72140502929688
uninfected	0.23956432938575745	113.20930480957031	29.92850112915039	132.89295959472656	52.52034378051758
uninfected	0.23949138820171356	108.86402130126953	65.810791015625	129.33595275878906	96.05640411376953
infected	0.23037031292915344	19.050806045532227	127.5099105834961	35.09165954589844	157.58753967285156
uninfected	0.10981482267379761	43.011409759521484	116.73316955566406	64.21775817871094	138.64659118652344
uninfected	0.07492894679307938	148.39662170410156	176.19915771484375	176.3358917236328	206.96380615234375
uninfected	0.0694614052772522	59.72993850708008	34.63157272338867	80.88654327392578	66.85482025146484
uninfected	0.054236236959695816	89.27535247802734	121.53662109375	110.84966278076172	156.06285095214844
uninfected	0.05401672422885895	42.35358428955078	145.7798309326172	64.10331726074219	177.17611694335938
