uninfected	0.999427080154419	133.89175415039062	166.4573974609375	151.65733337402344	190.770751953125
uninfected	0.9993101358413696	102.64881896972656	31.31397819519043	119.13568878173828	54.51783752441406
uninfected	0.9992703795433044	90.26016998291016	158.01449584960938	108.13987731933594	183.66058349609375
uninfected	0.9989247918128967	204.56500244140625	201.60438537597656	222.5906982421875	226.77252197265625
uninfected	0.9979840517044067	233.42893981933594	136.50868225097656	252.39588928222656	160.05679321289062
uninfected	0.9979584217071533	126.5374755859375	32.339027404785156	144.80259704589844	60.01454544067383
uninfected	0.9975593090057373	48.79356384277344	125.66859436035156	67.61143493652344	152.61219787597656
uninfected	0.9975358247756958	208.35556030273438	227.93582153320312	227.5298614501953	250.08163452148438
uninfected	0.9964304566383362	76.56491088867188	73.18285369873047	94.60447692871094	100.14400482177734
uninfected	0.9962807297706604	229.68658447265625	27.545480728149414	248.7495880126953	56.30134582519531
uninfected	0.9961050748825073	186.34201049804688	203.77569580078125	204.2474365234375	230.60073852539062
uninfected	0.9960528612136841	67.03815460205078	146.91078186035156	88.76068878173828	167.22360229492188
uninfected	0.9957863688468933	185.332275390625	113.5875244140625	204.25466918945312	139.251708984375
uninfected	0.9947850108146667	108.06084442138672	3.268996477127075	123.11033630371094	23.830251693725586
uninfected	0.994696855545044	126.48876953125	102.4501724243164	144.2203826904297	130.8492889404297
uninfected	0.9944013953208923	163.1355438232422	171.0596466064453	180.2998046875	195.04409790039062
uninfected	0.9943270087242126	20.21420669555664	74.98152923583984	37.275611877441406	99.33671569824219
uninfected	0.9939508438110352	36.2978630065918	153.77352905273438	57.11646270751953	177.91018676757812
uninfected	0.9927520751953125	218.8091583251953	3.990931272506714	238.1947021484375	32.85238265991211
uninfected	0.9921876192092896	66.12328338623047	197.98362731933594	87.83063507080078	218.82342529296875
uninfected	0.9911394715309143	21.323049545288086	125.07415008544922	41.30068588256836	147.57327270507812
uninfected	0.9909597635269165	166.77601623535156	84.092041015625	184.3272247314453	107.91014099121094
uninfected	0.9904284477233887	205.9165802001953	79.55758666992188	224.33009338378906	107.48133850097656
uninfected	0.9889005422592163	64.1469497680664	7.006784439086914	81.92192077636719	30.717376708984375
uninfected	0.9876562356948853	202.88783264160156	124.64459991455078	221.8714141845703	149.54576110839844
uninfected	0.9864298105239868	67.92462921142578	103.63558197021484	88.12236022949219	125.31072235107422
uninfected	0.9853799939155579	171.7423553466797	32.73197555541992	192.9381866455078	59.95664596557617
uninfected	0.9843336939811707	190.66079711914062	14.389506340026855	207.6398162841797	44.02317428588867
uninfected	0.9826827049255371	141.14102172851562	185.91004943847656	159.47752380371094	209.12376403808594
uninfected	0.9819948077201843	141.5218505859375	215.49757385253906	158.25927734375	239.94699096679688
uninfected	0.9766726493835449	183.838623046875	82.6042251586914	204.7764434814453	112.00690460205078
uninfected	0.9728533625602722	212.48089599609375	159.67724609375	232.47113037109375	188.05130004882812
uninfected	0.9593899250030518	38.42714309692383	193.55245971679688	59.737239837646484	217.62265014648438
uninfected	0.9540920257568359	200.44300842285156	152.29367065429688	219.77487182617188	180.6629638671875
uninfected	0.9484702944755554	202.51150512695312	48.48097610473633	221.2659912109375	75.27753448486328
uninfected	0.9378696084022522	56.85462188720703	166.4333038330078	76.97129821777344	191.88633728027344
uninfected	0.9377960562705994	194.55694580078125	33.10966110229492	220.47581481933594	60.980247497558594
infected	0.9264742136001587	163.98252868652344	192.50950622558594	185.22311401367188	218.58872985839844
uninfected	0.8794332146644592	224.68179321289062	82.40635681152344	240.83811950683594	110.12455749511719
infected	0.8716100454330444	83.27731323242188	52.04656982421875	105.12822723388672	75.2777328491211
uninfected	0.8694825172424316	128.36807250976562	213.00880432128906	147.60084533691406	238.33367919921875
uninfected	0.854262113571167	191.08241271972656	139.05633544921875	210.320068359375	167.50613403320312
uninfected	0.8229125738143921	156.87171936035156	22.783281326293945	174.93539428710938	48.98179244995117
uninfected	0.8110935688018799	40.23344802856445	94.50453186035156	61.1291389465332	123.34476470947266
uninfected	0.7944769263267517	36.8284912109375	34.81492233276367	54.91696548461914	64.16600799560547
uninfected	0.7609663009643555	50.25729751586914	64.08181762695312	68.02293395996094	90.15467834472656
infected	0.7094205021858215	66.8101577758789	122.64808654785156	86.111572265625	146.42991638183594
uninfected	0.6790916919708252	121.65576171875	6.978002548217773	140.75140380859375	29.048662185668945
uninfected	0.6195144057273865	12.492837905883789	231.02154541015625	32.57277297973633	254.5510711669922
uninfected	0.5246042013168335	59.096492767333984	50.02178192138672	78.8065185546875	72.28178405761719
uninfected	0.4840710163116455	140.84893798828125	6.876605033874512	155.45494079589844	37.656288146972656
uninfected	0.4511357247829437	23.34416961669922	101.0226058959961	44.153533935546875	127.88809204101562
uninfected	0.34987035393714905	107.8170166015625	209.549072265625	125.78207397460938	232.30638122558594
uninfected	0.31779706478118896	142.17117309570312	9.543417930603027	162.68399047851562	43.1751708984375
uninfected	0.21354970335960388	66.4019546508789	122.10873413085938	86.41008758544922	146.83079528808594
uninfected	0.16901662945747375	41.24028396606445	214.05429077148438	60.03230285644531	237.1941680908203
uninfected	0.16218054294586182	82.51612854003906	51.586463928222656	105.16187286376953	75.94409942626953
uninfected	0.126301571726799	121.20211029052734	198.7711944580078	142.75450134277344	223.93365478515625
uninfected	0.11101265996694565	163.40750122070312	190.94728088378906	185.59620666503906	218.38040161132812
uninfected	0.0777062326669693	147.56138610839844	17.848466873168945	170.18603515625	44.81956100463867
