uninfected	0.9989185333251953	39.60302734375	98.37786102294922	57.12248992919922	122.43180084228516
uninfected	0.9981639981269836	5.7967209815979	194.9000701904297	20.79833221435547	215.79409790039062
uninfected	0.9976353645324707	16.356538772583008	182.39239501953125	33.72154235839844	206.91465759277344
uninfected	0.9972379207611084	159.77951049804688	56.09642791748047	179.21556091308594	79.0787353515625
uninfected	0.9971379041671753	28.505998611450195	60.5927619934082	48.62564468383789	84.11575317382812
uninfected	0.9966498017311096	149.53968811035156	72.46637725830078	168.3028106689453	93.70874786376953
uninfected	0.9964578747749329	154.53289794921875	35.58668899536133	173.32688903808594	59.41339874267578
uninfected	0.996295154094696	42.386558532714844	143.70001220703125	59.8625602722168	168.5690460205078
uninfected	0.9962390661239624	91.67171478271484	122.8343505859375	110.47075653076172	143.21075439453125
uninfected	0.9955955147743225	138.4918670654297	25.48209571838379	158.5204620361328	49.42985153198242
uninfected	0.9952926635742188	34.32041549682617	25.24823760986328	52.26636505126953	52.69236755371094
uninfected	0.9951531887054443	101.96711730957031	1.2881505489349365	120.64983367919922	26.573974609375
uninfected	0.9950430393218994	125.49446868896484	63.538002014160156	143.62716674804688	86.6279067993164
uninfected	0.9942679405212402	129.09698486328125	43.601985931396484	145.5074462890625	65.37459564208984
uninfected	0.9938898086547852	20.705326080322266	31.962806701660156	37.938133239746094	57.00362777709961
uninfected	0.9935605525970459	141.24136352539062	7.116433143615723	160.40667724609375	31.92699432373047
uninfected	0.9934065341949463	102.80465698242188	101.25038146972656	124.07196044921875	124.75346374511719
uninfected	0.9916326403617859	114.50242614746094	77.30374908447266	133.92001342773438	98.89429473876953
uninfected	0.9914616346359253	69.72915649414062	41.57866668701172	85.16095733642578	62.08102798461914
uninfected	0.990295946598053	52.16488265991211	111.2912368774414	69.99463653564453	133.73678588867188
uninfected	0.9901913404464722	96.61519622802734	70.8602066040039	118.24816131591797	91.75189208984375
uninfected	0.9900252819061279	49.833866119384766	13.870710372924805	68.33645629882812	41.23553466796875
uninfected	0.9862840175628662	55.36576843261719	131.109619140625	73.1707992553711	156.23342895507812
uninfected	0.9859549403190613	172.7359161376953	12.640084266662598	191.87669372558594	37.28567123413086
uninfected	0.9851741194725037	21.87049674987793	205.5880584716797	39.18788146972656	228.32130432128906
uninfected	0.9833012819290161	138.8542022705078	116.0060806274414	159.63816833496094	138.26397705078125
uninfected	0.9811009168624878	21.954689025878906	8.97384262084961	44.00375747680664	34.43299865722656
uninfected	0.9806428551673889	187.1927490234375	3.182335138320923	206.70103454589844	26.263124465942383
uninfected	0.977323591709137	65.18103790283203	181.1845703125	85.1319808959961	202.81663513183594
uninfected	0.9685466885566711	47.19269943237305	204.85218811035156	60.40534591674805	224.53713989257812
uninfected	0.9684578776359558	86.87749481201172	52.71408462524414	105.22478485107422	80.81819915771484
uninfected	0.9623963236808777	76.62293243408203	56.85020446777344	93.22345733642578	82.1042251586914
uninfected	0.9555485844612122	115.09835052490234	20.260526657104492	129.88970947265625	42.89372634887695
uninfected	0.9528377056121826	121.55999755859375	200.06040954589844	142.54026794433594	224.3372039794922
uninfected	0.9499834179878235	136.37197875976562	147.53985595703125	155.6414337158203	173.3125
uninfected	0.9198620915412903	121.18782043457031	220.80015563964844	144.03842163085938	241.14065551757812
uninfected	0.9007542133331299	125.618408203125	132.8751678466797	144.05426025390625	156.2351837158203
uninfected	0.8957033157348633	83.08280181884766	34.225711822509766	95.59568786621094	54.82470703125
uninfected	0.8366093039512634	74.42239379882812	14.33173942565918	90.3863754272461	35.36585235595703
uninfected	0.835230827331543	137.13320922851562	172.31857299804688	154.76992797851562	192.57470703125
uninfected	0.8231458067893982	27.279632568359375	152.94772338867188	45.61716842651367	176.47760009765625
uninfected	0.7801936864852905	76.10417938232422	197.9871368408203	89.29427337646484	224.68421936035156
uninfected	0.7761416435241699	67.27227783203125	136.18650817871094	87.4031753540039	159.216796875
uninfected	0.7554212212562561	94.19622802734375	23.166215896606445	119.36405944824219	54.90814971923828
uninfected	0.7361704707145691	56.25695037841797	223.41539001464844	75.32269287109375	246.0867156982422
uninfected	0.728648841381073	97.00537109375	223.9642333984375	117.41222381591797	247.26708984375
uninfected	0.7233140468597412	105.30109405517578	211.38720703125	123.22618865966797	233.15892028808594
infected	0.7136525511741638	99.90895080566406	136.65223693847656	119.00664520263672	169.6940460205078
uninfected	0.6604389548301697	58.42673110961914	156.5074462890625	82.5029067993164	175.1125946044922
uninfected	0.6446775197982788	92.25641632080078	194.65966796875	109.701904296875	215.42489624023438
uninfected	0.5058091878890991	78.46065521240234	168.10499572753906	91.72354125976562	194.34207153320312
uninfected	0.4400651752948761	161.62234497070312	0.27513793110847473	178.87828063964844	26.840517044067383
uninfected	0.4324570596218109	86.4926528930664	176.43679809570312	102.07011413574219	197.16851806640625
uninfected	0.3872242569923401	6.318936824798584	215.93414306640625	26.512845993041992	236.2050018310547
uninfected	0.3144413232803345	77.69486236572266	221.6712188720703	98.64044952392578	242.86720275878906
uninfected	0.2207573652267456	122.03789520263672	154.48275756835938	139.6496124267578	177.07650756835938
uninfected	0.20875822007656097	97.4080810546875	43.674110412597656	117.70906066894531	59.73024368286133
infected	0.12855634093284607	93.9461898803711	23.549962997436523	119.19392395019531	53.793251037597656
infected	0.10785970836877823	27.25476837158203	152.86822509765625	46.00055694580078	176.58946228027344
uninfected	0.0665988102555275	99.53031158447266	137.34068298339844	119.18904113769531	172.3339080810547
uninfected	0.06135604903101921	116.55936431884766	137.50283813476562	127.72686004638672	167.47897338867188
