uninfected	0.9985816478729248	69.40052795410156	37.486637115478516	87.64871215820312	60.06672668457031
uninfected	0.9960143566131592	9.102468490600586	51.33102798461914	24.555028915405273	70.50545501708984
uninfected	0.9960002303123474	125.0117416381836	223.21707153320312	142.33665466308594	245.97531127929688
uninfected	0.9959034323692322	152.04519653320312	229.11122131347656	168.75868225097656	251.2815704345703
uninfected	0.9958087205886841	160.82974243164062	209.83154296875	179.1302947998047	233.60665893554688
uninfected	0.9954532384872437	119.9865493774414	122.59452819824219	135.57843017578125	142.48648071289062
uninfected	0.9951625466346741	82.83772277832031	13.191019058227539	99.53395080566406	35.02824020385742
uninfected	0.9949317574501038	33.74287414550781	64.45453643798828	52.75812911987305	88.01924896240234
uninfected	0.9945245981216431	48.102108001708984	97.74097442626953	65.45732116699219	121.04730224609375
uninfected	0.9930586814880371	205.64442443847656	144.07135009765625	224.7298126220703	170.12013244628906
uninfected	0.9924141764640808	62.02366638183594	88.10456848144531	76.19949340820312	109.87548828125
uninfected	0.9901301264762878	187.67544555664062	142.7019805908203	205.60235595703125	170.04103088378906
uninfected	0.9901154041290283	88.90552520751953	164.9933624267578	107.87068176269531	183.82264709472656
uninfected	0.9898474812507629	44.464202880859375	136.87046813964844	61.30760955810547	159.3480682373047
uninfected	0.9896064400672913	226.87034606933594	209.38162231445312	243.77679443359375	233.8852081298828
uninfected	0.9886675477027893	205.85455322265625	169.76161193847656	226.1915740966797	191.3118133544922
uninfected	0.9855725169181824	53.253074645996094	222.33642578125	69.48790740966797	245.45364379882812
uninfected	0.9820733070373535	188.3357696533203	36.90533447265625	207.62229919433594	62.1818962097168
uninfected	0.9806209206581116	34.77031326293945	115.22608184814453	53.88924789428711	138.3700714111328
uninfected	0.9714031219482422	148.3321990966797	11.801902770996094	167.71861267089844	37.53995132446289
uninfected	0.9674611687660217	52.62873077392578	115.1305160522461	71.12992095947266	135.08628845214844
uninfected	0.9575278162956238	9.846084594726562	89.37825012207031	32.98696517944336	111.16416931152344
uninfected	0.9478847980499268	97.3121337890625	148.82261657714844	113.5870361328125	167.85818481445312
uninfected	0.9440608024597168	59.0681037902832	129.56582641601562	75.30538940429688	148.57289123535156
uninfected	0.9374514222145081	210.43167114257812	205.07858276367188	229.21597290039062	225.8924102783203
uninfected	0.9202420115470886	169.26133728027344	176.98501586914062	184.1829376220703	200.09567260742188
uninfected	0.9044928550720215	27.035037994384766	95.8975601196289	48.16920471191406	117.83263397216797
uninfected	0.9026100039482117	112.65894317626953	160.27191162109375	127.46966552734375	180.5271759033203
uninfected	0.8861052989959717	187.3919219970703	62.84452438354492	211.53016662597656	83.0035629272461
uninfected	0.8803642392158508	229.9003143310547	181.07400512695312	246.47373962402344	206.91580200195312
uninfected	0.8486633896827698	68.91044616699219	64.39876556396484	80.94283294677734	84.9451904296875
uninfected	0.8392369747161865	9.852373123168945	72.40314483642578	30.319303512573242	91.56037139892578
uninfected	0.8164089918136597	174.6908416748047	77.7860107421875	197.28244018554688	97.20153045654297
uninfected	0.6245843768119812	213.42857360839844	188.4013671875	229.8217010498047	210.86053466796875
uninfected	0.48523858189582825	225.48521423339844	157.94012451171875	241.98294067382812	185.3864288330078
uninfected	0.36071082949638367	98.61347198486328	56.52409362792969	115.74214935302734	79.45230102539062
infected	0.3227522075176239	98.09101104736328	57.1140022277832	116.04632568359375	79.89942932128906
uninfected	0.29564642906188965	145.61912536621094	112.10020446777344	158.28915405273438	127.79793548583984
uninfected	0.17168067395687103	202.91513061523438	223.26535034179688	219.49716186523438	241.90750122070312
uninfected	0.15723967552185059	144.89488220214844	47.096927642822266	158.10739135742188	68.4125747680664
uninfected	0.05494283139705658	240.6322479248047	183.7252655029297	255.49966430664062	210.71585083007812
